 # Data from Kingdon & Ferland's ct1.f code
 # CTIon:
   0.00000000       0.00000000       2.83999997E-03   0.00000000       0.00000000       1.07000005E-06   4.55000019E-03   7.40000010E-02   0.00000000       0.00000000       3.33999992E-06   9.75999981E-03   0.00000000      0.920000017       0.00000000       9.99999975E-06   0.00000000       0.00000000       0.00000000       0.00000000       0.00000000       0.00000000       0.00000000       0.00000000       0.00000000       0.00000000       0.00000000       0.00000000       0.00000000       0.00000000    
   0.00000000       0.00000000       0.00000000       0.00000000       0.00000000       0.00000000       0.00000000       0.00000000       0.00000000       0.00000000       0.00000000       7.59999966E-05   0.00000000       2.25999999       0.00000000       0.00000000       0.00000000       0.00000000       0.00000000       0.00000000       0.00000000       0.00000000       0.00000000       4.38999987      0.282999992       2.09999990       1.20000001E-02   0.00000000       0.00000000       0.00000000    
   0.00000000       0.00000000       0.00000000       0.00000000       0.00000000       0.00000000       0.00000000       0.00000000       0.00000000       0.00000000       0.00000000       0.00000000       0.00000000       0.00000000       0.00000000       0.00000000       0.00000000       0.00000000       0.00000000       0.00000000       0.00000000       0.00000000       0.00000000       0.00000000       0.00000000       0.00000000       0.00000000       0.00000000       0.00000000       0.00000000    
   0.00000000       0.00000000       0.00000000       0.00000000       0.00000000       0.00000000       0.00000000       0.00000000       0.00000000       0.00000000       0.00000000       0.00000000       0.00000000       0.00000000       0.00000000       0.00000000       0.00000000       0.00000000       0.00000000       0.00000000       0.00000000       0.00000000       0.00000000       0.00000000       0.00000000       0.00000000       0.00000000       0.00000000       0.00000000       0.00000000    
   0.00000000       0.00000000       1.99000001       0.00000000       0.00000000       3.15000010     -0.289999992      0.469999999       0.00000000       0.00000000       9.31000042       3.14000010       0.00000000       1.14999998       0.00000000       0.00000000       0.00000000       0.00000000       0.00000000       0.00000000       0.00000000       0.00000000       0.00000000       0.00000000       0.00000000       0.00000000       0.00000000       0.00000000       0.00000000       0.00000000    
   0.00000000       0.00000000       0.00000000       0.00000000       0.00000000       0.00000000       0.00000000       0.00000000       0.00000000       0.00000000       0.00000000       0.00000000       0.00000000       7.36000016E-02   0.00000000       0.00000000       0.00000000       0.00000000       0.00000000       0.00000000       0.00000000       0.00000000       0.00000000      0.610000014       6.80000009E-03   7.72000030E-02   3.49000001       0.00000000       0.00000000       0.00000000    
   0.00000000       0.00000000       0.00000000       0.00000000       0.00000000       0.00000000       0.00000000       0.00000000       0.00000000       0.00000000       0.00000000       0.00000000       0.00000000       0.00000000       0.00000000       0.00000000       0.00000000       0.00000000       0.00000000       0.00000000       0.00000000       0.00000000       0.00000000       0.00000000       0.00000000       0.00000000       0.00000000       0.00000000       0.00000000       0.00000000    
   0.00000000       0.00000000       0.00000000       0.00000000       0.00000000       0.00000000       0.00000000       0.00000000       0.00000000       0.00000000       0.00000000       0.00000000       0.00000000       0.00000000       0.00000000       0.00000000       0.00000000       0.00000000       0.00000000       0.00000000       0.00000000       0.00000000       0.00000000       0.00000000       0.00000000       0.00000000       0.00000000       0.00000000       0.00000000       0.00000000    
   0.00000000       0.00000000       375.540009       0.00000000       0.00000000       176.429993     -0.920000017       24.3700008       0.00000000       0.00000000       2632.31006       55.5400009       0.00000000      0.800000012       0.00000000       0.00000000       0.00000000       0.00000000       0.00000000       0.00000000       0.00000000       0.00000000       0.00000000       0.00000000       0.00000000       0.00000000       0.00000000       0.00000000       0.00000000       0.00000000    
   0.00000000       0.00000000       0.00000000       0.00000000       0.00000000       0.00000000       0.00000000       0.00000000       0.00000000       0.00000000       0.00000000      -1.97000003       0.00000000     -0.430000007       0.00000000       0.00000000       0.00000000       0.00000000       0.00000000       0.00000000       0.00000000       0.00000000       0.00000000     -0.889999986       6.44000024E-02 -0.409999996       24.4099998       0.00000000       0.00000000       0.00000000    
   0.00000000       0.00000000       0.00000000       0.00000000       0.00000000       0.00000000       0.00000000       0.00000000       0.00000000       0.00000000       0.00000000       0.00000000       0.00000000       0.00000000       0.00000000       0.00000000       0.00000000       0.00000000       0.00000000       0.00000000       0.00000000       0.00000000       0.00000000       0.00000000       0.00000000       0.00000000       0.00000000       0.00000000       0.00000000       0.00000000    
   0.00000000       0.00000000       0.00000000       0.00000000       0.00000000       0.00000000       0.00000000       0.00000000       0.00000000       0.00000000       0.00000000       0.00000000       0.00000000       0.00000000       0.00000000       0.00000000       0.00000000       0.00000000       0.00000000       0.00000000       0.00000000       0.00000000       0.00000000       0.00000000       0.00000000       0.00000000       0.00000000       0.00000000       0.00000000       0.00000000    
   0.00000000       0.00000000      -54.0699997       0.00000000       0.00000000      -4.28999996      -8.38000011     -0.740000010       0.00000000       0.00000000      -3.03999996      -1.12000000       0.00000000     -0.239999995       0.00000000       0.00000000       0.00000000       0.00000000       0.00000000       0.00000000       0.00000000       0.00000000       0.00000000       0.00000000       0.00000000       0.00000000       0.00000000       0.00000000       0.00000000       0.00000000    
   0.00000000       0.00000000       0.00000000       0.00000000       0.00000000       0.00000000       0.00000000       0.00000000       0.00000000       0.00000000       0.00000000      -4.32000017       0.00000000     -0.109999999       0.00000000       0.00000000       0.00000000       0.00000000       0.00000000       0.00000000       0.00000000       0.00000000       0.00000000      -3.55999994      -9.69999981      -7.30999994      -1.25999999       0.00000000       0.00000000       0.00000000    
   0.00000000       0.00000000       0.00000000       0.00000000       0.00000000       0.00000000       0.00000000       0.00000000       0.00000000       0.00000000       0.00000000       0.00000000       0.00000000       0.00000000       0.00000000       0.00000000       0.00000000       0.00000000       0.00000000       0.00000000       0.00000000       0.00000000       0.00000000       0.00000000       0.00000000       0.00000000       0.00000000       0.00000000       0.00000000       0.00000000    
   0.00000000       0.00000000       0.00000000       0.00000000       0.00000000       0.00000000       0.00000000       0.00000000       0.00000000       0.00000000       0.00000000       0.00000000       0.00000000       0.00000000       0.00000000       0.00000000       0.00000000       0.00000000       0.00000000       0.00000000       0.00000000       0.00000000       0.00000000       0.00000000       0.00000000       0.00000000       0.00000000       0.00000000       0.00000000       0.00000000    
   0.00000000       0.00000000       100.000000       0.00000000       0.00000000       1000.00000       100.000000       10.0000000       0.00000000       0.00000000       1000.00000       5000.00000       0.00000000       1000.00000       0.00000000       1000.00000       0.00000000       0.00000000       0.00000000       0.00000000       0.00000000       0.00000000       0.00000000       0.00000000       0.00000000       0.00000000       0.00000000       0.00000000       0.00000000       0.00000000    
   0.00000000       0.00000000       0.00000000       0.00000000       0.00000000       0.00000000       0.00000000       0.00000000       0.00000000       0.00000000       0.00000000       10000.0000       0.00000000       2000.00000       0.00000000       0.00000000       0.00000000       0.00000000       0.00000000       0.00000000       0.00000000       0.00000000       0.00000000       1000.00000       1000.00000       10000.0000       1000.00000       0.00000000       0.00000000       0.00000000    
   0.00000000       0.00000000       0.00000000       0.00000000       0.00000000       0.00000000       0.00000000       0.00000000       0.00000000       0.00000000       0.00000000       0.00000000       0.00000000       0.00000000       0.00000000       0.00000000       0.00000000       0.00000000       0.00000000       0.00000000       0.00000000       0.00000000       0.00000000       0.00000000       0.00000000       0.00000000       0.00000000       0.00000000       0.00000000       0.00000000    
   0.00000000       0.00000000       0.00000000       0.00000000       0.00000000       0.00000000       0.00000000       0.00000000       0.00000000       0.00000000       0.00000000       0.00000000       0.00000000       0.00000000       0.00000000       0.00000000       0.00000000       0.00000000       0.00000000       0.00000000       0.00000000       0.00000000       0.00000000       0.00000000       0.00000000       0.00000000       0.00000000       0.00000000       0.00000000       0.00000000    
   0.00000000       0.00000000       10000.0000       0.00000000       0.00000000       100000.000       50000.0000       10000.0000       0.00000000       0.00000000       20000.0000       30000.0000       0.00000000       200000.000       0.00000000       10000.0000       0.00000000       0.00000000       0.00000000       0.00000000       0.00000000       0.00000000       0.00000000       0.00000000       0.00000000       0.00000000       0.00000000       0.00000000       0.00000000       0.00000000    
   0.00000000       0.00000000       0.00000000       0.00000000       0.00000000       0.00000000       0.00000000       0.00000000       0.00000000       0.00000000       0.00000000       300000.000       0.00000000       100000.000       0.00000000       0.00000000       0.00000000       0.00000000       0.00000000       0.00000000       0.00000000       0.00000000       0.00000000       30000.0000       30000.0000       100000.000       30000.0000       0.00000000       0.00000000       0.00000000    
   0.00000000       0.00000000       0.00000000       0.00000000       0.00000000       0.00000000       0.00000000       0.00000000       0.00000000       0.00000000       0.00000000       0.00000000       0.00000000       0.00000000       0.00000000       0.00000000       0.00000000       0.00000000       0.00000000       0.00000000       0.00000000       0.00000000       0.00000000       0.00000000       0.00000000       0.00000000       0.00000000       0.00000000       0.00000000       0.00000000    
   0.00000000       0.00000000       0.00000000       0.00000000       0.00000000       0.00000000       0.00000000       0.00000000       0.00000000       0.00000000       0.00000000       0.00000000       0.00000000       0.00000000       0.00000000       0.00000000       0.00000000       0.00000000       0.00000000       0.00000000       0.00000000       0.00000000       0.00000000       0.00000000       0.00000000       0.00000000       0.00000000       0.00000000       0.00000000       0.00000000    
   0.00000000       0.00000000       0.00000000       0.00000000       0.00000000       0.00000000       1.08599997       2.30000000E-02   0.00000000       0.00000000       0.00000000       0.00000000       0.00000000       0.00000000       0.00000000       0.00000000       0.00000000       0.00000000       0.00000000       0.00000000       0.00000000       0.00000000       0.00000000       0.00000000       0.00000000       0.00000000       0.00000000       0.00000000       0.00000000       0.00000000    
   0.00000000       0.00000000       0.00000000       0.00000000       0.00000000       0.00000000       0.00000000       0.00000000       0.00000000       0.00000000       0.00000000       1.66999996       0.00000000       3.03099990       0.00000000       0.00000000       0.00000000       0.00000000       0.00000000       0.00000000       0.00000000       0.00000000       0.00000000       3.34899998       2.36800003       3.00500011       4.04400015       0.00000000       0.00000000       0.00000000    
   0.00000000       0.00000000       0.00000000       0.00000000       0.00000000       0.00000000       0.00000000       0.00000000       0.00000000       0.00000000       0.00000000       0.00000000       0.00000000       0.00000000       0.00000000       0.00000000       0.00000000       0.00000000       0.00000000       0.00000000       0.00000000       0.00000000       0.00000000       0.00000000       0.00000000       0.00000000       0.00000000       0.00000000       0.00000000       0.00000000    
   0.00000000       0.00000000       0.00000000       0.00000000       0.00000000       0.00000000       0.00000000       0.00000000       0.00000000       0.00000000       0.00000000       0.00000000       0.00000000       0.00000000       0.00000000       0.00000000       0.00000000       0.00000000       0.00000000       0.00000000       0.00000000       0.00000000       0.00000000       0.00000000       0.00000000       0.00000000       0.00000000       0.00000000       0.00000000       0.00000000    
 # CTRecomb:
   0.00000000       7.47000013E-06   0.00000000       0.00000000       0.00000000       4.88000012E-07   1.01000001E-03   1.03999996       0.00000000       0.00000000       0.00000000       0.00000000       0.00000000       0.00000000       0.00000000       3.81999996E-07   0.00000000       0.00000000       0.00000000       0.00000000       0.00000000       0.00000000       0.00000000       0.00000000       0.00000000       0.00000000       0.00000000       0.00000000       0.00000000       0.00000000    
   0.00000000       9.99999975E-06   1.25999999       9.99999975E-06   1.99999996E-02   1.67000006E-04  0.305000007       1.03999996       9.99999975E-06   9.99999975E-06   9.99999975E-06   8.57999985E-05   9.99999975E-06   6.76999998       1.74000001E-04   9.99999975E-06   9.99999975E-06   9.99999975E-06   9.99999975E-06   0.00000000       0.00000000       0.00000000       9.99999975E-06  0.527000010      0.165000007       1.25999999       5.30000019       1.04999995       1.47000002E-03   9.99999975E-06
   0.00000000       0.00000000       9.99999975E-06   9.99999975E-06   9.99999975E-06   3.25000000       4.53999996       3.98000002       9.85999966       14.7299995       1.33000004       6.48999977       7.11000030E-05  0.490000010       9.45999995E-02   2.28999996       1.88000000       4.57000017       4.76000023       3.17000002E-02   7.22000003E-03  0.634000003       5.11999989       10.8999996       14.1999998       3.42000008       3.25999999       9.72999954       9.26000023       6.96000003E-04
   0.00000000       0.00000000       0.00000000       5.17000008       2.74000001       332.459991       2.95000005      0.252000004      0.714999974       6.46999979      0.101000004       6.36000013      0.751999974       7.57999992       5.36999989       6.44000006       7.26999998       6.36999989       9.99999975E-06   2.68000007      0.119999997       4.37000021E-03  0.195999995       1.17999995      0.442999989       14.6000004       1.02999997       6.13999987       11.5900002       1.32999998E-02
   0.00000000       2.05999994       0.00000000       0.00000000       0.00000000       3.25000000     -0.289999992       3.15000005E-02   0.00000000       0.00000000       0.00000000       0.00000000       0.00000000       0.00000000       0.00000000       11.1000004       0.00000000       0.00000000       0.00000000       0.00000000       0.00000000       0.00000000       0.00000000       0.00000000       0.00000000       0.00000000       0.00000000       0.00000000       0.00000000       0.00000000    
   0.00000000       0.00000000      0.959999979       0.00000000       0.00000000       2.78999996      0.600000024      0.270000011       0.00000000       0.00000000       0.00000000       2.49000010E-03   0.00000000       7.36000016E-02   3.83999991       0.00000000       0.00000000       0.00000000       0.00000000       0.00000000       0.00000000       0.00000000       0.00000000      0.610000014       6.80000009E-03   7.72000030E-02  0.239999995       1.27999997       3.50999999       0.00000000    
   0.00000000       0.00000000       0.00000000       0.00000000       0.00000000      0.209999993      0.569999993      0.259999990      0.289999992       4.52000014E-02   1.14999998      0.529999971       4.11999989      -8.73999968E-02  -5.57999983E-02   4.01999988E-02  0.319999993      0.270000011      0.439999998       2.11999989       2.33999991       6.87000016E-03  -2.18000002E-02  0.239999995      0.340000004      0.509999990      0.870000005      0.349999994      0.370000005       4.23999977    
   0.00000000       0.00000000       0.00000000      0.819999993      0.930000007     -0.109999999      0.550000012      0.629999995       1.21000004      0.540000021       1.34000003      0.550000012      0.769999981      0.370000005      0.469999999      0.129999995      0.289999992      0.850000024       0.00000000      0.689999998       1.48000002       1.25000000      -8.53000022E-03  0.200000003      0.910000026       3.57000008E-02  0.579999983      0.250000000      0.200000003       1.55999994    
   0.00000000       9.93000031       0.00000000       0.00000000       0.00000000      -1.12000000     -0.920000017     -0.610000014       0.00000000       0.00000000       0.00000000       0.00000000       0.00000000       0.00000000       0.00000000       25700.0000       0.00000000       0.00000000       0.00000000       0.00000000       0.00000000       0.00000000       0.00000000       0.00000000       0.00000000       0.00000000       0.00000000       0.00000000       0.00000000       0.00000000    
   0.00000000       0.00000000       3.01999998       0.00000000       0.00000000       304.720001       2.65000010       2.01999998       0.00000000       0.00000000       0.00000000       2.93000005E-02   0.00000000     -0.430000007       36.0600014       0.00000000       0.00000000       0.00000000       0.00000000       0.00000000       0.00000000       0.00000000       0.00000000     -0.889999986       6.44000024E-02 -0.409999996     -0.910000026       6.53999996       23.9099998       0.00000000    
   0.00000000       0.00000000       0.00000000       0.00000000       0.00000000      0.189999998     -0.649999976      0.560000002     -0.209999993     -0.839999974       1.20000005       2.81999993       17200.0000     -0.360000014      0.769999981       1.59000003       1.76999998     -0.180000007     -0.560000002       12.0600004       411.500000      0.180000007     -0.239999995      0.259999990     -0.409999996      -2.05999994       2.84999990      0.899999976      0.400000006       26.0599995    
   0.00000000       0.00000000       0.00000000     -0.689999998     -0.610000014     -0.995000005     -0.389999986       2.07999992     -0.699999988       3.58999991       10.0500002       3.85999990       6.23999977       1.05999994       2.21000004       2.69000006       1.03999996       10.2100000       0.00000000     -0.680000007       4.00000000       40.0200005      0.280000001      0.769999981       10.7600002     -0.920000017     -0.889999986     -0.910000026      0.800000012     -0.920000017    
   0.00000000      -3.89000010       0.00000000       0.00000000       0.00000000     -0.209999993      -8.38000011      -9.72999954       0.00000000       0.00000000       0.00000000       0.00000000       0.00000000       0.00000000       0.00000000      -8.22000027       0.00000000       0.00000000       0.00000000       0.00000000       0.00000000       0.00000000       0.00000000       0.00000000       0.00000000       0.00000000       0.00000000       0.00000000       0.00000000       0.00000000    
   0.00000000       0.00000000     -0.649999976       0.00000000       0.00000000      -4.07000017     -0.930000007      -5.92000008       0.00000000       0.00000000       0.00000000      -4.32999992       0.00000000     -0.109999999     -0.970000029       0.00000000       0.00000000       0.00000000       0.00000000       0.00000000       0.00000000       0.00000000       0.00000000      -3.55999994      -9.69999981      -7.30999994     -0.469999999      -1.80999994     -0.930000007       0.00000000    
   0.00000000       0.00000000       0.00000000       0.00000000       0.00000000      -3.28999996     -0.889999986      -2.61999989      -1.14999998     -0.310000002     -0.319999993      -7.63000011      -22.2399998     -0.790000021      -6.42999983      -6.05999994      -5.69999981      -1.57000005     -0.879999995     -0.400000006      -13.2399998      -8.03999996     -0.829999983      -11.9399996      -1.19000006      -8.98999977      -9.22999954      -5.32999992      -10.7299995      -1.24000001    
   0.00000000       0.00000000       0.00000000      -1.12000000      -1.13000000      -1.58000004E-03  -1.07000005      -4.15999985     -0.850000024      -5.21999979      -6.40999985      -5.19000006      -5.67000008      -4.09000015      -8.52000046      -5.69000006      -10.1400003      -6.21999979       0.00000000      -4.46999979      -9.32999992      -8.05000019      -6.46000004      -7.09000015      -7.48999977     -0.370000005     -0.660000026     -0.419999987      -6.61999989      -1.20000005    
   0.00000000       6000.00000       0.00000000       0.00000000       0.00000000       5500.00000       100.000000       10.0000000       0.00000000       0.00000000       0.00000000       0.00000000       0.00000000       0.00000000       0.00000000       1000.00000       0.00000000       0.00000000       0.00000000       0.00000000       0.00000000       0.00000000       0.00000000       0.00000000       0.00000000       0.00000000       0.00000000       0.00000000       0.00000000       0.00000000    
   0.00000000       1000.00000       1000.00000       2000.00000       1000.00000       5000.00000       1000.00000       100.000000       2000.00000       5000.00000       2000.00000       1000.00000       1000.00000       500.000000       1000.00000       1000.00000       1000.00000       1000.00000       1000.00000       10.0000000       10.0000000       10.0000000       1000.00000       1000.00000       1000.00000       1000.00000       1000.00000       1000.00000       1000.00000       1000.00000    
   0.00000000       0.00000000       2000.00000       2000.00000       2000.00000       1000.00000       10.0000000       1000.00000       2000.00000       5000.00000       2000.00000       1000.00000       1000.00000       1000.00000       1000.00000       1000.00000       1000.00000       1000.00000       1000.00000       1000.00000       1000.00000       1000.00000       1000.00000       1000.00000       1000.00000       1000.00000       1000.00000       1000.00000       1000.00000       1000.00000    
   0.00000000       0.00000000       0.00000000       2000.00000       2000.00000       10.0000000       1000.00000       1000.00000       2000.00000       1000.00000       2000.00000       1000.00000       1000.00000       1000.00000       1000.00000       1000.00000       1000.00000       1000.00000       1000.00000       1000.00000       1000.00000       1000.00000       1000.00000       1000.00000       1000.00000       1000.00000       1000.00000       1000.00000       1000.00000       1000.00000    
   0.00000000       100000.000       0.00000000       0.00000000       0.00000000       100000.000       50000.0000       10000.0000       0.00000000       0.00000000       0.00000000       0.00000000       0.00000000       0.00000000       0.00000000       10000.0000       0.00000000       0.00000000       0.00000000       0.00000000       0.00000000       0.00000000       0.00000000       0.00000000       0.00000000       0.00000000       0.00000000       0.00000000       0.00000000       0.00000000    
   0.00000000       10000000.0       30000.0000       50000.0000       1.00000000E+09   50000.0000       100000.000       100000.000       50000.0000       50000.0000       50000.0000       30000.0000       30000.0000       100000.000       30000.0000       30000.0000       30000.0000       30000.0000       30000.0000       1.00000000E+09   1.00000000E+09   1.00000000E+09   30000.0000       30000.0000       30000.0000       100000.000       30000.0000       100000.000       30000.0000       30000.0000    
   0.00000000       0.00000000       50000.0000       50000.0000       50000.0000       100000.000       100000.000       50000.0000       50000.0000       50000.0000       50000.0000       30000.0000       30000.0000       30000.0000       30000.0000       30000.0000       30000.0000       30000.0000       30000.0000       30000.0000       30000.0000       30000.0000       30000.0000       30000.0000       30000.0000       100000.000       30000.0000       30000.0000       30000.0000       30000.0000    
   0.00000000       0.00000000       0.00000000       50000.0000       50000.0000       100000.000       1000000.00       30000.0000       50000.0000       30000.0000       50000.0000       30000.0000       30000.0000       50000.0000       30000.0000       30000.0000       30000.0000       30000.0000       30000.0000       30000.0000       30000.0000       30000.0000       30000.0000       30000.0000       30000.0000       30000.0000       30000.0000       30000.0000       30000.0000       30000.0000    
