 # Data from Verner's rrfit2.f code
 # rrec:
   0.00000000       0.00000000       0.00000000       0.00000000       0.00000000       0.00000000       0.00000000       0.00000000       0.00000000       0.00000000       0.00000000       0.00000000       0.00000000       0.00000000       0.00000000       0.00000000       0.00000000       0.00000000       0.00000000       0.00000000       0.00000000       0.00000000       0.00000000       0.00000000       0.00000000       0.00000000       0.00000000       0.00000000       0.00000000       0.00000000    
   0.00000000       0.00000000       0.00000000       0.00000000       0.00000000       0.00000000       0.00000000       0.00000000       0.00000000       0.00000000       0.00000000       0.00000000       0.00000000       0.00000000       0.00000000       0.00000000       0.00000000       0.00000000       0.00000000       0.00000000       0.00000000       0.00000000       0.00000000       0.00000000       0.00000000       0.00000000       0.00000000       0.00000000       0.00000000       0.00000000    
   0.00000000       0.00000000       0.00000000       0.00000000       0.00000000       0.00000000       0.00000000       0.00000000       0.00000000       0.00000000       0.00000000       0.00000000       0.00000000       0.00000000       0.00000000       0.00000000       0.00000000       0.00000000       0.00000000       0.00000000       0.00000000       0.00000000       0.00000000       0.00000000       0.00000000       0.00000000       0.00000000       0.00000000       0.00000000       0.00000000    
   0.00000000       0.00000000       0.00000000       4.50000009E-13   0.00000000       0.00000000       0.00000000       0.00000000       0.00000000       0.00000000       0.00000000       0.00000000       0.00000000       0.00000000       0.00000000       0.00000000       0.00000000       0.00000000       0.00000000       0.00000000       0.00000000       0.00000000       0.00000000       0.00000000       0.00000000       0.00000000       0.00000000       0.00000000       0.00000000       0.00000000    
   0.00000000       0.00000000       0.00000000       2.68000010E-12   4.59999985E-13   0.00000000       0.00000000       0.00000000       0.00000000       0.00000000       0.00000000       0.00000000       0.00000000       0.00000000       0.00000000       0.00000000       0.00000000       0.00000000       0.00000000       0.00000000       0.00000000       0.00000000       0.00000000       0.00000000       0.00000000       0.00000000       0.00000000       0.00000000       0.00000000       0.00000000    
   0.00000000       0.00000000       0.00000000       4.90000011E-12   2.30000003E-12   4.70000015E-13   0.00000000       0.00000000       0.00000000       0.00000000       0.00000000       0.00000000       0.00000000       0.00000000       0.00000000       0.00000000       0.00000000       0.00000000       0.00000000       0.00000000       0.00000000       0.00000000       0.00000000       0.00000000       0.00000000       0.00000000       0.00000000       0.00000000       0.00000000       0.00000000    
   0.00000000       0.00000000       0.00000000       9.39999988E-12   4.99999998E-12   2.19999995E-12   4.09999996E-13   0.00000000       0.00000000       0.00000000       0.00000000       0.00000000       0.00000000       0.00000000       0.00000000       0.00000000       0.00000000       0.00000000       0.00000000       0.00000000       0.00000000       0.00000000       0.00000000       0.00000000       0.00000000       0.00000000       0.00000000       0.00000000       0.00000000       0.00000000    
   0.00000000       0.00000000       0.00000000       1.59000001E-11   9.59999961E-12   5.09999985E-12   1.99999999E-12   3.09999991E-13   0.00000000       0.00000000       0.00000000       0.00000000       0.00000000       0.00000000       0.00000000       0.00000000       0.00000000       0.00000000       0.00000000       0.00000000       0.00000000       0.00000000       0.00000000       0.00000000       0.00000000       0.00000000       0.00000000       0.00000000       0.00000000       0.00000000    
   0.00000000       0.00000000       0.00000000       1.91900003E-11   1.55800008E-11   9.17099990E-12   5.23100009E-12   1.34400000E-12   6.27300024E-13   0.00000000       0.00000000       0.00000000       0.00000000       0.00000000       0.00000000       0.00000000       0.00000000       0.00000000       0.00000000       0.00000000       0.00000000       0.00000000       0.00000000       0.00000000       0.00000000       0.00000000       0.00000000       0.00000000       0.00000000       0.00000000    
   0.00000000       0.00000000       0.00000000       2.79999999E-11   2.29999995E-11   1.49999995E-11   9.10000027E-12   4.39999990E-12   1.49999999E-12   2.20000003E-13   0.00000000       0.00000000       0.00000000       0.00000000       0.00000000       0.00000000       0.00000000       0.00000000       0.00000000       0.00000000       0.00000000       0.00000000       0.00000000       0.00000000       0.00000000       0.00000000       0.00000000       0.00000000       0.00000000       0.00000000    
   0.00000000       0.00000000       0.00000000       4.02999994E-11   3.25299995E-11   2.19099999E-11   1.44699999E-11   7.84900010E-12   3.39900005E-12   8.77500004E-13   0.00000000       0.00000000       0.00000000       0.00000000       0.00000000       0.00000000       0.00000000       0.00000000       0.00000000       0.00000000       0.00000000       0.00000000       0.00000000       0.00000000       0.00000000       0.00000000       0.00000000       0.00000000       0.00000000       0.00000000    
   0.00000000       0.00000000       0.00000000       6.82999976E-11   4.59999989E-11   3.19999999E-11   2.29999995E-11   1.39999999E-11   7.70000036E-12   3.49999999E-12   0.00000000       1.40000004E-13   0.00000000       0.00000000       0.00000000       0.00000000       0.00000000       0.00000000       0.00000000       0.00000000       0.00000000       0.00000000       0.00000000       0.00000000       0.00000000       0.00000000       0.00000000       0.00000000       0.00000000       0.00000000    
   0.00000000       0.00000000       0.00000000       8.34299990E-11   5.95100011E-11   4.30800014E-11   3.14499989E-11   2.04900003E-11   1.27499998E-11   6.48100020E-12   0.00000000       7.19700016E-13   3.97999992E-13   0.00000000       0.00000000       0.00000000       0.00000000       0.00000000       0.00000000       0.00000000       0.00000000       0.00000000       0.00000000       0.00000000       0.00000000       0.00000000       0.00000000       0.00000000       0.00000000       0.00000000    
   0.00000000       0.00000000       0.00000000       1.43000001E-10   7.69999967E-11   5.80000006E-11   4.29999994E-11   2.99999990E-11   2.11000002E-11   1.20000000E-11   0.00000000       3.69999994E-12   9.99999996E-13   5.90000000E-13   0.00000000       0.00000000       0.00000000       0.00000000       0.00000000       0.00000000       0.00000000       0.00000000       0.00000000       0.00000000       0.00000000       0.00000000       0.00000000       0.00000000       0.00000000       0.00000000    
   0.00000000       0.00000000       0.00000000       1.46000004E-10   1.04200003E-10   7.31599989E-11   5.65900000E-11   4.12499999E-11   2.97500011E-11   1.83399997E-11   0.00000000       7.98000034E-12   2.55800004E-12   1.29399995E-12   9.76099952E-13   0.00000000       0.00000000       0.00000000       0.00000000       0.00000000       0.00000000       0.00000000       0.00000000       0.00000000       0.00000000       0.00000000       0.00000000       0.00000000       0.00000000       0.00000000    
   0.00000000       0.00000000       0.00000000       2.00000003E-10   1.39999998E-10   9.19999979E-11   7.40000006E-11   5.50000011E-11   3.99999998E-11   2.69999995E-11   0.00000000       1.20000000E-11   5.69999993E-12   2.69999995E-12   1.80000004E-12   4.09999996E-13   0.00000000       0.00000000       0.00000000       0.00000000       0.00000000       0.00000000       0.00000000       0.00000000       0.00000000       0.00000000       0.00000000       0.00000000       0.00000000       0.00000000    
   0.00000000       0.00000000       0.00000000       2.09100001E-10   1.76000006E-10   1.19800003E-10   9.56099991E-11   7.28000021E-11   5.28099994E-11   3.71099991E-11   0.00000000       1.80000008E-11   1.01099996E-11   5.16499994E-12   3.32000009E-12   1.24799997E-12   1.01000003E-12   0.00000000       0.00000000       0.00000000       0.00000000       0.00000000       0.00000000       0.00000000       0.00000000       0.00000000       0.00000000       0.00000000       0.00000000       0.00000000    
   0.00000000       0.00000000       0.00000000       3.07000009E-10   2.13999998E-10   1.58000002E-10   1.22999999E-10   9.54999968E-11   6.91999999E-11   4.89999985E-11   0.00000000       2.68999996E-11   1.58000002E-11   9.11999989E-12   6.02999985E-12   3.23000003E-12   1.95000006E-12   3.76999999E-13   0.00000000       0.00000000       0.00000000       0.00000000       0.00000000       0.00000000       0.00000000       0.00000000       0.00000000       0.00000000       0.00000000       0.00000000    
   0.00000000       0.00000000       0.00000000       3.21000004E-10   2.62900007E-10   2.04799996E-10   1.58699998E-10   1.23500002E-10   9.04400027E-11   6.44400019E-11   0.00000000       3.74799983E-11   2.44799996E-11   1.51299997E-11   1.06300004E-11   6.38400010E-12   3.76600010E-12   1.30399999E-12   2.76199988E-13   0.00000000       0.00000000       0.00000000       0.00000000       0.00000000       0.00000000       0.00000000       0.00000000       0.00000000       0.00000000       0.00000000    
   0.00000000       0.00000000       0.00000000       4.60999988E-10   3.23999994E-10   2.59999994E-10   2.03999997E-10   1.58000002E-10   1.17999999E-10   8.51000034E-11   0.00000000       5.04000001E-11   3.75999995E-11   2.39999999E-11   1.80000008E-11   1.06999999E-11   7.08000021E-12   3.95999986E-12   6.77999974E-13   1.12000002E-13   0.00000000       0.00000000       0.00000000       0.00000000       0.00000000       0.00000000       0.00000000       0.00000000       0.00000000       0.00000000    
   0.00000000       0.00000000       0.00000000       4.86999996E-10   3.96999988E-10   3.27999988E-10   2.63000011E-10   2.05999995E-10   1.58000002E-10   1.17000007E-10   0.00000000       7.24000027E-11   5.87000032E-11   3.96000004E-11   3.13000008E-11   1.91999992E-11   1.43000004E-11   1.13000000E-11   2.32999991E-12   6.54000020E-13   1.16999997E-13   0.00000000       0.00000000       0.00000000       0.00000000       0.00000000       0.00000000       0.00000000       0.00000000       0.00000000    
   0.00000000       0.00000000       0.00000000       5.13899978E-10   4.69999983E-10   3.96600003E-10   3.22000010E-10   2.53700005E-10   1.98300001E-10   1.49400006E-10   0.00000000       9.44000017E-11   7.97200014E-11   5.51799995E-11   4.45099999E-11   2.76500003E-11   2.15199993E-11   1.85699997E-11   3.98300013E-12   1.19600000E-12   5.32999990E-12   1.21999999E-13   0.00000000       0.00000000       0.00000000       0.00000000       0.00000000       0.00000000       0.00000000       0.00000000    
   0.00000000       0.00000000       0.00000000       5.84999993E-10   5.49999990E-10   4.76000017E-10   3.95000005E-10   3.18999993E-10   2.57000005E-10   2.00999994E-10   0.00000000       1.34999997E-10   1.12999998E-10   8.36999983E-11   6.82999976E-11   4.64999983E-11   3.73999998E-11   3.17000003E-11   1.14999997E-11   5.32999990E-12   1.06000000E-11   3.86999981E-12   1.27000000E-13   0.00000000       0.00000000       0.00000000       0.00000000       0.00000000       0.00000000       0.00000000    
   0.00000000       0.00000000       0.00000000       6.55600019E-10   6.30100028E-10   5.54700008E-10   4.67100025E-10   3.84400012E-10   3.15400012E-10   2.52499993E-10   0.00000000       1.75100004E-10   1.46999996E-10   1.12300003E-10   9.20599985E-11   6.53899990E-11   5.33500015E-11   4.47900016E-11   1.90600001E-11   9.47100037E-12   1.58000002E-11   7.61000030E-12   2.68000010E-12   1.32000002E-13   0.00000000       0.00000000       0.00000000       0.00000000       0.00000000       0.00000000    
   0.00000000       0.00000000       0.00000000       7.23800020E-10   7.05799974E-10   6.31300012E-10   5.40699985E-10   4.56400001E-10   3.83699988E-10   3.17700005E-10   0.00000000       2.29799998E-10   1.90800001E-10   1.52499999E-10   1.24999996E-10   9.53900015E-11   7.80700019E-11   6.10599973E-11   3.62000013E-11   2.16900005E-11   2.10000003E-11   1.13999999E-11   5.23999984E-12   1.73000004E-12   1.37000003E-13   0.00000000       0.00000000       0.00000000       0.00000000       0.00000000    
   0.00000000       0.00000000       0.00000000       0.00000000       0.00000000       0.00000000       0.00000000       0.00000000       0.00000000       0.00000000       0.00000000       0.00000000       0.00000000       2.00000003E-10   1.63999994E-10   1.33000000E-10   1.09000003E-10   8.13000015E-11   6.05000008E-11   4.11999983E-11   2.62000005E-11   1.50999994E-11   7.80000023E-12   3.32000009E-12   1.01999995E-12   1.42000005E-13   0.00000000       0.00000000       0.00000000       0.00000000    
   0.00000000       0.00000000       0.00000000       8.40400027E-10   8.25200019E-10   7.50299989E-10   6.61100008E-10   5.84200022E-10   5.14700005E-10   4.55199989E-10   0.00000000       3.46100010E-10   2.97600000E-10   2.53700005E-10   2.09299994E-10   1.76899995E-10   1.45900000E-10   1.09800002E-10   8.81799980E-11   6.40899972E-11   2.82199993E-11   1.62600003E-11   8.40199958E-12   3.57500010E-12   1.27799995E-12   4.45899990E-13   2.51000013E-13   0.00000000       0.00000000       0.00000000    
   0.00000000       0.00000000       0.00000000       1.36000000E-09   8.70999994E-10   7.93999977E-10   7.07999992E-10   6.37999986E-10   5.74999992E-10   5.24999988E-10   0.00000000       4.02999994E-10   3.62999991E-10   3.16000004E-10   2.63000011E-10   2.29000000E-10   1.90999994E-10   1.49999999E-10   1.19000004E-10   8.90999982E-11   3.03999985E-11   1.74999997E-11   9.05000033E-12   3.58000001E-12   1.59999997E-12   1.40000002E-12   9.99999996E-13   3.60000007E-13   0.00000000       0.00000000    
   0.00000000       0.00000000       0.00000000       1.87999993E-09   9.16999976E-10   8.38000003E-10   7.55000007E-10   6.92000013E-10   6.34999997E-10   5.94999994E-10   0.00000000       4.60000010E-10   4.27999997E-10   3.77999992E-10   3.17000010E-10   2.81000001E-10   2.35999997E-10   1.90000002E-10   1.49999999E-10   1.13999997E-10   3.25999991E-11   1.86999999E-11   9.70000035E-12   3.58000001E-12   1.91999997E-12   1.49999999E-12   9.99999996E-13   3.60000007E-13   3.60000007E-13   0.00000000    
   0.00000000       0.00000000       0.00000000       2.39999998E-09   9.63000013E-10   8.80999995E-10   8.02000022E-10   7.45999984E-10   6.95999980E-10   6.65000000E-10   0.00000000       5.16999998E-10   4.94000008E-10   4.40999987E-10   3.70000003E-10   3.32999989E-10   2.81000001E-10   2.30000005E-10   1.81000007E-10   1.39000006E-10   3.47999997E-11   1.99999999E-11   1.02999996E-11   3.59000004E-12   2.24000007E-12   1.59999997E-12   1.09999997E-12   3.60000007E-13   3.60000007E-13   3.60000007E-13
   0.00000000       0.00000000       0.00000000       0.00000000       0.00000000       0.00000000       0.00000000       0.00000000       0.00000000       0.00000000       0.00000000       0.00000000       0.00000000       0.00000000       0.00000000       0.00000000       0.00000000       0.00000000       0.00000000       0.00000000       0.00000000       0.00000000       0.00000000       0.00000000       0.00000000       0.00000000       0.00000000       0.00000000       0.00000000       0.00000000    
   0.00000000       0.00000000       0.00000000       0.00000000       0.00000000       0.00000000       0.00000000       0.00000000       0.00000000       0.00000000       0.00000000       0.00000000       0.00000000       0.00000000       0.00000000       0.00000000       0.00000000       0.00000000       0.00000000       0.00000000       0.00000000       0.00000000       0.00000000       0.00000000       0.00000000       0.00000000       0.00000000       0.00000000       0.00000000       0.00000000    
   0.00000000       0.00000000       0.00000000       0.00000000       0.00000000       0.00000000       0.00000000       0.00000000       0.00000000       0.00000000       0.00000000       0.00000000       0.00000000       0.00000000       0.00000000       0.00000000       0.00000000       0.00000000       0.00000000       0.00000000       0.00000000       0.00000000       0.00000000       0.00000000       0.00000000       0.00000000       0.00000000       0.00000000       0.00000000       0.00000000    
   0.00000000       0.00000000       0.00000000      0.648000002       0.00000000       0.00000000       0.00000000       0.00000000       0.00000000       0.00000000       0.00000000       0.00000000       0.00000000       0.00000000       0.00000000       0.00000000       0.00000000       0.00000000       0.00000000       0.00000000       0.00000000       0.00000000       0.00000000       0.00000000       0.00000000       0.00000000       0.00000000       0.00000000       0.00000000       0.00000000    
   0.00000000       0.00000000       0.00000000      0.725000024      0.635999978       0.00000000       0.00000000       0.00000000       0.00000000       0.00000000       0.00000000       0.00000000       0.00000000       0.00000000       0.00000000       0.00000000       0.00000000       0.00000000       0.00000000       0.00000000       0.00000000       0.00000000       0.00000000       0.00000000       0.00000000       0.00000000       0.00000000       0.00000000       0.00000000       0.00000000    
   0.00000000       0.00000000       0.00000000      0.802999973      0.644999981      0.624000013       0.00000000       0.00000000       0.00000000       0.00000000       0.00000000       0.00000000       0.00000000       0.00000000       0.00000000       0.00000000       0.00000000       0.00000000       0.00000000       0.00000000       0.00000000       0.00000000       0.00000000       0.00000000       0.00000000       0.00000000       0.00000000       0.00000000       0.00000000       0.00000000    
   0.00000000       0.00000000       0.00000000      0.764999986      0.675999999      0.638999999      0.607999980       0.00000000       0.00000000       0.00000000       0.00000000       0.00000000       0.00000000       0.00000000       0.00000000       0.00000000       0.00000000       0.00000000       0.00000000       0.00000000       0.00000000       0.00000000       0.00000000       0.00000000       0.00000000       0.00000000       0.00000000       0.00000000       0.00000000       0.00000000    
   0.00000000       0.00000000       0.00000000      0.759000003      0.670000017      0.660000026      0.646000028      0.677999973       0.00000000       0.00000000       0.00000000       0.00000000       0.00000000       0.00000000       0.00000000       0.00000000       0.00000000       0.00000000       0.00000000       0.00000000       0.00000000       0.00000000       0.00000000       0.00000000       0.00000000       0.00000000       0.00000000       0.00000000       0.00000000       0.00000000    
   0.00000000       0.00000000       0.00000000      0.784900010      0.681599975      0.675700009      0.661499977      0.670799971      0.679799974       0.00000000       0.00000000       0.00000000       0.00000000       0.00000000       0.00000000       0.00000000       0.00000000       0.00000000       0.00000000       0.00000000       0.00000000       0.00000000       0.00000000       0.00000000       0.00000000       0.00000000       0.00000000       0.00000000       0.00000000       0.00000000    
   0.00000000       0.00000000       0.00000000      0.771000028      0.703999996      0.684000015      0.667999983      0.675000012      0.693000019      0.759000003       0.00000000       0.00000000       0.00000000       0.00000000       0.00000000       0.00000000       0.00000000       0.00000000       0.00000000       0.00000000       0.00000000       0.00000000       0.00000000       0.00000000       0.00000000       0.00000000       0.00000000       0.00000000       0.00000000       0.00000000    
   0.00000000       0.00000000       0.00000000      0.787299991      0.707499981      0.687500000      0.681400001      0.695200026      0.705399990      0.746699989       0.00000000       0.00000000       0.00000000       0.00000000       0.00000000       0.00000000       0.00000000       0.00000000       0.00000000       0.00000000       0.00000000       0.00000000       0.00000000       0.00000000       0.00000000       0.00000000       0.00000000       0.00000000       0.00000000       0.00000000    
   0.00000000       0.00000000       0.00000000      0.764999986      0.711000025      0.690999985      0.694999993      0.716000021      0.717999995      0.734000027       0.00000000      0.855000019       0.00000000       0.00000000       0.00000000       0.00000000       0.00000000       0.00000000       0.00000000       0.00000000       0.00000000       0.00000000       0.00000000       0.00000000       0.00000000       0.00000000       0.00000000       0.00000000       0.00000000       0.00000000    
   0.00000000       0.00000000       0.00000000      0.829100013      0.712499976      0.697000027      0.691500008      0.708999991      0.717000008      0.734499991       0.00000000      0.769699991      0.801900029       0.00000000       0.00000000       0.00000000       0.00000000       0.00000000       0.00000000       0.00000000       0.00000000       0.00000000       0.00000000       0.00000000       0.00000000       0.00000000       0.00000000       0.00000000       0.00000000       0.00000000    
   0.00000000       0.00000000       0.00000000      0.823000014      0.713999987      0.703000009      0.688000023      0.702000022      0.716000021      0.735000014       0.00000000      0.693000019      0.786000013      0.601000011       0.00000000       0.00000000       0.00000000       0.00000000       0.00000000       0.00000000       0.00000000       0.00000000       0.00000000       0.00000000       0.00000000       0.00000000       0.00000000       0.00000000       0.00000000       0.00000000    
   0.00000000       0.00000000       0.00000000      0.839100003      0.732999980      0.702700019      0.702300012      0.696500003      0.694500029      0.728500009       0.00000000      0.682900012      0.762899995      0.676599979      0.620899975       0.00000000       0.00000000       0.00000000       0.00000000       0.00000000       0.00000000       0.00000000       0.00000000       0.00000000       0.00000000       0.00000000       0.00000000       0.00000000       0.00000000       0.00000000    
   0.00000000       0.00000000       0.00000000      0.805999994      0.754999995      0.713999987      0.716000021      0.711000025      0.695999980      0.732999980       0.00000000      0.700999975      0.754999995      0.745000005      0.685999990      0.629999995       0.00000000       0.00000000       0.00000000       0.00000000       0.00000000       0.00000000       0.00000000       0.00000000       0.00000000       0.00000000       0.00000000       0.00000000       0.00000000       0.00000000    
   0.00000000       0.00000000       0.00000000      0.869099975      0.768199980      0.750800014      0.710200012      0.751800001      0.749100029      0.764100015       0.00000000      0.723200023      0.770299971      0.789300025      0.757900000      0.766300023      0.737999976       0.00000000       0.00000000       0.00000000       0.00000000       0.00000000       0.00000000       0.00000000       0.00000000       0.00000000       0.00000000       0.00000000       0.00000000       0.00000000    
   0.00000000       0.00000000       0.00000000      0.819000006      0.773999989      0.790000021      0.702000022      0.792999983      0.810999990      0.800999999       0.00000000      0.744000018      0.792999983      0.810999990      0.811999977      0.869000018      0.751999974      0.651000023       0.00000000       0.00000000       0.00000000       0.00000000       0.00000000       0.00000000       0.00000000       0.00000000       0.00000000       0.00000000       0.00000000       0.00000000    
   0.00000000       0.00000000       0.00000000      0.893400013      0.777199984      0.803200006      0.710500002      0.805199981      0.825100005      0.817499995       0.00000000      0.762799978      0.805199981      0.818599999      0.826900005      0.879000008      0.766200006      0.675300002      0.802299976       0.00000000       0.00000000       0.00000000       0.00000000       0.00000000       0.00000000       0.00000000       0.00000000       0.00000000       0.00000000       0.00000000    
   0.00000000       0.00000000       0.00000000      0.833000004      0.779999971      0.800000012      0.730000019      0.800000012      0.810000002      0.819999993       0.00000000      0.779999971      0.810000002      0.819999993      0.819999993      0.839999974      0.779999971      0.699999988      0.800000012      0.899999976       0.00000000       0.00000000       0.00000000       0.00000000       0.00000000       0.00000000       0.00000000       0.00000000       0.00000000       0.00000000    
   0.00000000       0.00000000       0.00000000      0.805999994      0.783999979      0.799000025      0.749000013      0.799000025      0.804000020      0.822000027       0.00000000      0.795000017      0.814999998      0.822000027      0.818000019      0.820999980      0.791999996      0.723999977      0.797999978      0.866999984      0.898000002       0.00000000       0.00000000       0.00000000       0.00000000       0.00000000       0.00000000       0.00000000       0.00000000       0.00000000    
   0.00000000       0.00000000       0.00000000      0.778100014      0.787299991      0.797299981      0.768299997      0.797699988      0.797999978      0.824199975       0.00000000      0.810699999      0.820599973      0.824500024      0.815299988      0.801199973      0.803799987      0.748399973      0.795499980      0.834399998      0.864000022      0.897000015       0.00000000       0.00000000       0.00000000       0.00000000       0.00000000       0.00000000       0.00000000       0.00000000    
   0.00000000       0.00000000       0.00000000      0.757000029      0.791000009      0.800000012      0.782999992      0.801999986      0.804000020      0.828000009       0.00000000      0.822000027      0.827000022      0.828000009      0.819999993      0.805999994      0.811999977      0.768000007      0.794000030      0.809000015      0.829999983      0.847999990      0.894999981       0.00000000       0.00000000       0.00000000       0.00000000       0.00000000       0.00000000       0.00000000    
   0.00000000       0.00000000       0.00000000      0.735899985      0.795199990      0.802699983      0.796700001      0.807099998      0.810100019      0.831099987       0.00000000      0.833999991      0.832499981      0.831300020      0.824599981      0.809899986      0.820699990      0.788299978      0.791899979      0.784600019      0.796000004      0.797999978      0.824000001      0.893999994       0.00000000       0.00000000       0.00000000       0.00000000       0.00000000       0.00000000    
   0.00000000       0.00000000       0.00000000      0.724200010      0.798200011      0.805800021      0.805800021      0.812399983      0.818300009      0.834100008       0.00000000      0.841700017      0.837199986      0.834200025      0.830200016      0.820200026      0.825999975      0.801999986      0.790700018      0.768299997      0.762000024      0.748000026      0.753000021      0.819999993      0.892000020       0.00000000       0.00000000       0.00000000       0.00000000       0.00000000    
   0.00000000       0.00000000       0.00000000       0.00000000       0.00000000       0.00000000       0.00000000       0.00000000       0.00000000       0.00000000       0.00000000       0.00000000       0.00000000      0.836000025      0.833999991      0.828000009      0.828999996      0.810000002      0.790000021      0.759000003      0.727999985      0.699000001      0.681999981      0.745999992      0.842999995      0.890999973       0.00000000       0.00000000       0.00000000       0.00000000    
   0.00000000       0.00000000       0.00000000      0.716700017      0.800400019      0.808499992      0.812099993      0.816799998      0.825299978      0.836399972       0.00000000      0.846899986      0.840600014      0.836399972      0.834900022      0.829900026      0.829599977      0.811800003      0.789799988      0.757000029      0.727999985      0.699000001      0.681999981      0.745999992      0.768199980      0.789699972      0.795000017       0.00000000       0.00000000       0.00000000    
   0.00000000       0.00000000       0.00000000      0.842000008      0.800000012      0.808000028      0.810999990      0.815999985      0.824000001      0.836000025       0.00000000      0.846000016      0.839999974      0.836000025      0.833999991      0.828000009      0.828999996      0.810000002      0.790000021      0.759000003      0.727999985      0.699000001      0.681999981      0.745999992      0.699999988      0.699999988      0.699999988      0.699999988       0.00000000       0.00000000    
   0.00000000       0.00000000       0.00000000      0.842000008      0.800000012      0.808000028      0.810000002      0.814999998      0.823000014      0.836000025       0.00000000      0.845000029      0.838999987      0.836000025      0.833000004      0.825999975      0.828000009      0.808000028      0.790000021      0.760999978      0.727999985      0.699000001      0.681999981      0.745999992      0.699999988      0.699999988      0.699999988      0.699999988      0.699999988       0.00000000    
   0.00000000       0.00000000       0.00000000      0.842000008      0.799000025      0.806999981      0.809000015      0.814000010      0.820999980      0.834999979       0.00000000      0.843999982      0.838999987      0.834999979      0.832000017      0.824000001      0.828000009      0.805999994      0.790000021      0.763000011      0.727999985      0.699000001      0.681999981      0.745999992      0.699999988      0.699999988      0.699999988      0.699999988      0.699999988      0.699999988    
 # rnew:
   7.98199978E-11   0.00000000       0.00000000       0.00000000       0.00000000       0.00000000       0.00000000       0.00000000       0.00000000       0.00000000       0.00000000       0.00000000       0.00000000       0.00000000       0.00000000       0.00000000       0.00000000       0.00000000       0.00000000       0.00000000       0.00000000       0.00000000       0.00000000       0.00000000       0.00000000       0.00000000       0.00000000       0.00000000       0.00000000       0.00000000    
   1.89100000E-10   9.35600042E-10   0.00000000       0.00000000       0.00000000       0.00000000       0.00000000       0.00000000       0.00000000       0.00000000       0.00000000       0.00000000       0.00000000       0.00000000       0.00000000       0.00000000       0.00000000       0.00000000       0.00000000       0.00000000       0.00000000       0.00000000       0.00000000       0.00000000       0.00000000       0.00000000       0.00000000       0.00000000       0.00000000       0.00000000    
   3.03899989E-10   1.11200001E-10   1.03600002E-11   0.00000000       0.00000000       0.00000000       0.00000000       0.00000000       0.00000000       0.00000000       0.00000000       0.00000000       0.00000000       0.00000000       0.00000000       0.00000000       0.00000000       0.00000000       0.00000000       0.00000000       0.00000000       0.00000000       0.00000000       0.00000000       0.00000000       0.00000000       0.00000000       0.00000000       0.00000000       0.00000000    
   4.29000002E-10   1.31699998E-10   2.33799993E-11   0.00000000       0.00000000       0.00000000       0.00000000       0.00000000       0.00000000       0.00000000       0.00000000       0.00000000       0.00000000       0.00000000       0.00000000       0.00000000       0.00000000       0.00000000       0.00000000       0.00000000       0.00000000       0.00000000       0.00000000       0.00000000       0.00000000       0.00000000       0.00000000       0.00000000       0.00000000       0.00000000    
   5.43699974E-10   1.92200006E-10   4.48700001E-11   0.00000000       0.00000000       0.00000000       0.00000000       0.00000000       0.00000000       0.00000000       0.00000000       0.00000000       0.00000000       0.00000000       0.00000000       0.00000000       0.00000000       0.00000000       0.00000000       0.00000000       0.00000000       0.00000000       0.00000000       0.00000000       0.00000000       0.00000000       0.00000000       0.00000000       0.00000000       0.00000000    
   6.55600019E-10   2.76499990E-10   8.53999996E-11   2.01999995E-09   8.57700022E-10   7.65099983E-09   0.00000000       0.00000000       0.00000000       0.00000000       0.00000000       0.00000000       0.00000000       0.00000000       0.00000000       0.00000000       0.00000000       0.00000000       0.00000000       0.00000000       0.00000000       0.00000000       0.00000000       0.00000000       0.00000000       0.00000000       0.00000000       0.00000000       0.00000000       0.00000000    
   7.58600016E-10   3.91000010E-10   1.16900004E-10   1.59500000E-11   7.03899994E-10   5.98899985E-10   1.24300001E-08   0.00000000       0.00000000       0.00000000       0.00000000       0.00000000       0.00000000       0.00000000       0.00000000       0.00000000       0.00000000       0.00000000       0.00000000       0.00000000       0.00000000       0.00000000       0.00000000       0.00000000       0.00000000       0.00000000       0.00000000       0.00000000       0.00000000       0.00000000    
   8.61600014E-10   4.89700003E-10   2.05299999E-10   2.00800002E-11   1.54200000E-10   3.67200004E-09   1.81599997E-08   1.34099995E-10   0.00000000       0.00000000       0.00000000       0.00000000       0.00000000       0.00000000       0.00000000       0.00000000       0.00000000       0.00000000       0.00000000       0.00000000       0.00000000       0.00000000       0.00000000       0.00000000       0.00000000       0.00000000       0.00000000       0.00000000       0.00000000       0.00000000    
   9.71200009E-10   5.60199998E-10   2.73900014E-10   0.00000000       0.00000000       0.00000000       0.00000000       0.00000000       0.00000000       0.00000000       0.00000000       0.00000000       0.00000000       0.00000000       0.00000000       0.00000000       0.00000000       0.00000000       0.00000000       0.00000000       0.00000000       0.00000000       0.00000000       0.00000000       0.00000000       0.00000000       0.00000000       0.00000000       0.00000000       0.00000000    
   1.08499998E-09   6.16100004E-10   3.19999999E-10   2.79300003E-11   2.51499988E-10   9.35300032E-11   4.22700000E-11   9.56299970E-12   5.41699983E-08   5.02299981E-12   0.00000000       0.00000000       0.00000000       0.00000000       0.00000000       0.00000000       0.00000000       0.00000000       0.00000000       0.00000000       0.00000000       0.00000000       0.00000000       0.00000000       0.00000000       0.00000000       0.00000000       0.00000000       0.00000000       0.00000000    
   1.16300003E-09   6.83300028E-10   3.87299998E-10   0.00000000       0.00000000       0.00000000       0.00000000       0.00000000       0.00000000       0.00000000       5.64099982E-12   0.00000000       0.00000000       0.00000000       0.00000000       0.00000000       0.00000000       0.00000000       0.00000000       0.00000000       0.00000000       0.00000000       0.00000000       0.00000000       0.00000000       0.00000000       0.00000000       0.00000000       0.00000000       0.00000000    
   1.31699995E-09   7.50999984E-10   4.28400010E-10   0.00000000       0.00000000       0.00000000       0.00000000       0.00000000       0.00000000       0.00000000       1.91999992E-11   0.00000000       0.00000000       0.00000000       0.00000000       0.00000000       0.00000000       0.00000000       0.00000000       0.00000000       0.00000000       0.00000000       0.00000000       0.00000000       0.00000000       0.00000000       0.00000000       0.00000000       0.00000000       0.00000000    
   1.41900003E-09   8.18200008E-10   4.88100005E-10   0.00000000       0.00000000       0.00000000       0.00000000       0.00000000       0.00000000       0.00000000       3.75299999E-11   0.00000000       0.00000000       0.00000000       0.00000000       0.00000000       0.00000000       0.00000000       0.00000000       0.00000000       0.00000000       0.00000000       0.00000000       0.00000000       0.00000000       0.00000000       0.00000000       0.00000000       0.00000000       0.00000000    
   1.51699997E-09   8.72199979E-10   5.37299982E-10   0.00000000       0.00000000       0.00000000       0.00000000       0.00000000       0.00000000       0.00000000       5.94199967E-11   0.00000000       0.00000000       0.00000000       0.00000000       0.00000000       0.00000000       0.00000000       0.00000000       0.00000000       0.00000000       0.00000000       0.00000000       0.00000000       0.00000000       0.00000000       0.00000000       0.00000000       0.00000000       0.00000000    
   1.58600000E-09   9.14199993E-10   5.87600024E-10   0.00000000       0.00000000       0.00000000       0.00000000       0.00000000       0.00000000       0.00000000       1.72100001E-10   0.00000000       0.00000000       0.00000000       0.00000000       0.00000000       0.00000000       0.00000000       0.00000000       0.00000000       0.00000000       0.00000000       0.00000000       0.00000000       0.00000000       0.00000000       0.00000000       0.00000000       0.00000000       0.00000000    
   1.72900005E-09   9.69200054E-10   6.57099986E-10   0.00000000       0.00000000       0.00000000       0.00000000       0.00000000       0.00000000       0.00000000       3.50200008E-10   0.00000000       0.00000000       0.00000000       0.00000000       0.00000000       0.00000000       0.00000000       0.00000000       0.00000000       0.00000000       0.00000000       0.00000000       0.00000000       0.00000000       0.00000000       0.00000000       0.00000000       0.00000000       0.00000000    
   1.79100001E-09   1.02099995E-09   7.07599979E-10   0.00000000       0.00000000       0.00000000       0.00000000       0.00000000       0.00000000       0.00000000       2.50200000E-10   0.00000000       0.00000000       0.00000000       0.00000000       0.00000000       0.00000000       0.00000000       0.00000000       0.00000000       0.00000000       0.00000000       0.00000000       0.00000000       0.00000000       0.00000000       0.00000000       0.00000000       0.00000000       0.00000000    
   1.91299998E-09   1.08700005E-09   7.53800022E-10   0.00000000       0.00000000       0.00000000       0.00000000       0.00000000       0.00000000       0.00000000       2.86200008E-10   0.00000000       0.00000000       0.00000000       0.00000000       0.00000000       0.00000000       0.00000000       0.00000000       0.00000000       0.00000000       0.00000000       0.00000000       0.00000000       0.00000000       0.00000000       0.00000000       0.00000000       0.00000000       0.00000000    
   2.03299999E-09   1.14499998E-09   8.18200008E-10   0.00000000       0.00000000       0.00000000       0.00000000       0.00000000       0.00000000       0.00000000       2.75699991E-10   0.00000000       0.00000000       0.00000000       0.00000000       0.00000000       0.00000000       0.00000000       0.00000000       0.00000000       0.00000000       0.00000000       0.00000000       0.00000000       0.00000000       0.00000000       0.00000000       0.00000000       0.00000000       0.00000000    
   2.12900009E-09   1.17900001E-09   8.57700022E-10   0.00000000       0.00000000       0.00000000       0.00000000       0.00000000       0.00000000       0.00000000       5.27299981E-10   0.00000000       0.00000000       0.00000000       0.00000000       0.00000000       0.00000000       0.00000000       0.00000000       0.00000000       0.00000000       0.00000000       0.00000000       0.00000000       0.00000000       0.00000000       0.00000000       0.00000000       0.00000000       0.00000000    
   2.26199992E-09   1.26499999E-09   9.16200005E-10   0.00000000       0.00000000       0.00000000       0.00000000       0.00000000       0.00000000       0.00000000       3.88999999E-10   0.00000000       0.00000000       0.00000000       0.00000000       0.00000000       0.00000000       0.00000000       0.00000000       0.00000000       0.00000000       0.00000000       0.00000000       0.00000000       0.00000000       0.00000000       0.00000000       0.00000000       0.00000000       0.00000000    
   2.36999997E-09   1.32199995E-09   9.84400006E-10   0.00000000       0.00000000       0.00000000       0.00000000       0.00000000       0.00000000       0.00000000       4.20700003E-10   0.00000000       0.00000000       0.00000000       0.00000000       0.00000000       0.00000000       0.00000000       0.00000000       0.00000000       0.00000000       0.00000000       0.00000000       0.00000000       0.00000000       0.00000000       0.00000000       0.00000000       0.00000000       0.00000000    
   2.41499998E-09   1.37500000E-09   1.01999997E-09   0.00000000       0.00000000       0.00000000       0.00000000       0.00000000       0.00000000       0.00000000       4.60499999E-10   0.00000000       0.00000000       0.00000000       0.00000000       0.00000000       0.00000000       0.00000000       0.00000000       0.00000000       0.00000000       0.00000000       0.00000000       0.00000000       0.00000000       0.00000000       0.00000000       0.00000000       0.00000000       0.00000000    
   2.53699994E-09   1.42199996E-09   1.09099996E-09   0.00000000       0.00000000       0.00000000       0.00000000       0.00000000       0.00000000       0.00000000       4.97499986E-10   0.00000000       0.00000000       0.00000000       0.00000000       0.00000000       0.00000000       0.00000000       0.00000000       0.00000000       0.00000000       0.00000000       0.00000000       0.00000000       0.00000000       0.00000000       0.00000000       0.00000000       0.00000000       0.00000000    
   2.61800004E-09   1.48799995E-09   1.15099996E-09   0.00000000       0.00000000       0.00000000       0.00000000       0.00000000       0.00000000       0.00000000       5.34900013E-10   0.00000000       0.00000000       0.00000000       0.00000000       0.00000000       0.00000000       0.00000000       0.00000000       0.00000000       0.00000000       0.00000000       0.00000000       0.00000000       0.00000000       0.00000000       0.00000000       0.00000000       0.00000000       0.00000000    
   2.73500000E-09   1.54199997E-09   1.19800003E-09   0.00000000       0.00000000       0.00000000       0.00000000       0.00000000       0.00000000       0.00000000       7.68800024E-10   8.10999989E-10   6.96699975E-10   3.23599991E-08   2.66400004E-08   2.16499991E-08   2.46000003E-08   1.90700007E-08   1.43900003E-08   1.18400001E-08   1.03600000E-08   8.28799962E-09   6.33000008E-09   5.42200018E-09   6.07600015E-09   8.94500030E-09   0.00000000       0.00000000       0.00000000       0.00000000    
   2.80899992E-09   1.58900004E-09   1.21099997E-09   0.00000000       0.00000000       0.00000000       0.00000000       0.00000000       0.00000000       0.00000000       5.84999993E-10   0.00000000       0.00000000       0.00000000       0.00000000       0.00000000       0.00000000       0.00000000       0.00000000       0.00000000       0.00000000       0.00000000       0.00000000       0.00000000       0.00000000       0.00000000       0.00000000       0.00000000       0.00000000       0.00000000    
   3.00199998E-09   1.67600001E-09   1.28800004E-09   0.00000000       0.00000000       0.00000000       0.00000000       0.00000000       0.00000000       0.00000000       6.34700015E-10   0.00000000       0.00000000       0.00000000       0.00000000       0.00000000       0.00000000       0.00000000       0.00000000       0.00000000       0.00000000       0.00000000       0.00000000       0.00000000       0.00000000       0.00000000       0.00000000       0.00000000       0.00000000       0.00000000    
   3.02199998E-09   1.68600001E-09   1.37199996E-09   0.00000000       0.00000000       0.00000000       0.00000000       0.00000000       0.00000000       0.00000000       6.61899979E-10   0.00000000       0.00000000       0.00000000       0.00000000       0.00000000       0.00000000       0.00000000       0.00000000       0.00000000       0.00000000       0.00000000       0.00000000       0.00000000       0.00000000       0.00000000       0.00000000       0.00000000       0.00000000       0.00000000    
   3.12699999E-09   1.75799997E-09   1.41199996E-09   0.00000000       0.00000000       0.00000000       0.00000000       0.00000000       0.00000000       0.00000000       7.00200009E-10   0.00000000       0.00000000       0.00000000       0.00000000       0.00000000       0.00000000       0.00000000       0.00000000       0.00000000       0.00000000       0.00000000       0.00000000       0.00000000       0.00000000       0.00000000       0.00000000       0.00000000       0.00000000       0.00000000    
  0.748000026       0.00000000       0.00000000       0.00000000       0.00000000       0.00000000       0.00000000       0.00000000       0.00000000       0.00000000       0.00000000       0.00000000       0.00000000       0.00000000       0.00000000       0.00000000       0.00000000       0.00000000       0.00000000       0.00000000       0.00000000       0.00000000       0.00000000       0.00000000       0.00000000       0.00000000       0.00000000       0.00000000       0.00000000       0.00000000    
  0.752399981      0.789200008       0.00000000       0.00000000       0.00000000       0.00000000       0.00000000       0.00000000       0.00000000       0.00000000       0.00000000       0.00000000       0.00000000       0.00000000       0.00000000       0.00000000       0.00000000       0.00000000       0.00000000       0.00000000       0.00000000       0.00000000       0.00000000       0.00000000       0.00000000       0.00000000       0.00000000       0.00000000       0.00000000       0.00000000    
  0.753899992      0.692600012      0.388000011       0.00000000       0.00000000       0.00000000       0.00000000       0.00000000       0.00000000       0.00000000       0.00000000       0.00000000       0.00000000       0.00000000       0.00000000       0.00000000       0.00000000       0.00000000       0.00000000       0.00000000       0.00000000       0.00000000       0.00000000       0.00000000       0.00000000       0.00000000       0.00000000       0.00000000       0.00000000       0.00000000    
  0.755699992      0.669099987      0.421099991       0.00000000       0.00000000       0.00000000       0.00000000       0.00000000       0.00000000       0.00000000       0.00000000       0.00000000       0.00000000       0.00000000       0.00000000       0.00000000       0.00000000       0.00000000       0.00000000       0.00000000       0.00000000       0.00000000       0.00000000       0.00000000       0.00000000       0.00000000       0.00000000       0.00000000       0.00000000       0.00000000    
  0.755999982      0.671700001      0.464399993       0.00000000       0.00000000       0.00000000       0.00000000       0.00000000       0.00000000       0.00000000       0.00000000       0.00000000       0.00000000       0.00000000       0.00000000       0.00000000       0.00000000       0.00000000       0.00000000       0.00000000       0.00000000       0.00000000       0.00000000       0.00000000       0.00000000       0.00000000       0.00000000       0.00000000       0.00000000       0.00000000    
  0.756699979      0.685800016      0.524699986      0.779799998      0.783699989      0.802699983       0.00000000       0.00000000       0.00000000       0.00000000       0.00000000       0.00000000       0.00000000       0.00000000       0.00000000       0.00000000       0.00000000       0.00000000       0.00000000       0.00000000       0.00000000       0.00000000       0.00000000       0.00000000       0.00000000       0.00000000       0.00000000       0.00000000       0.00000000       0.00000000    
  0.756299973      0.698800027      0.546999991      0.352899998      0.860700011      0.755999982      0.702199996       0.00000000       0.00000000       0.00000000       0.00000000       0.00000000       0.00000000       0.00000000       0.00000000       0.00000000       0.00000000       0.00000000       0.00000000       0.00000000       0.00000000       0.00000000       0.00000000       0.00000000       0.00000000       0.00000000       0.00000000       0.00000000       0.00000000       0.00000000    
  0.756299973      0.704800010      0.601899981      0.356700003      0.671199977      0.767600000      0.717000008      0.615899980       0.00000000       0.00000000       0.00000000       0.00000000       0.00000000       0.00000000       0.00000000       0.00000000       0.00000000       0.00000000       0.00000000       0.00000000       0.00000000       0.00000000       0.00000000       0.00000000       0.00000000       0.00000000       0.00000000       0.00000000       0.00000000       0.00000000    
  0.756600022      0.705200016      0.618799984       0.00000000       0.00000000       0.00000000       0.00000000       0.00000000       0.00000000       0.00000000       0.00000000       0.00000000       0.00000000       0.00000000       0.00000000       0.00000000       0.00000000       0.00000000       0.00000000       0.00000000       0.00000000       0.00000000       0.00000000       0.00000000       0.00000000       0.00000000       0.00000000       0.00000000       0.00000000       0.00000000    
  0.757000029      0.702899992      0.619799972      0.353300005      0.701099992      0.626999974      0.539499998      0.306699991      0.693000019      0.241999999       0.00000000       0.00000000       0.00000000       0.00000000       0.00000000       0.00000000       0.00000000       0.00000000       0.00000000       0.00000000       0.00000000       0.00000000       0.00000000       0.00000000       0.00000000       0.00000000       0.00000000       0.00000000       0.00000000       0.00000000    
  0.755800009      0.701799989      0.629499972       0.00000000       0.00000000       0.00000000       0.00000000       0.00000000       0.00000000       0.00000000      0.174899995       0.00000000       0.00000000       0.00000000       0.00000000       0.00000000       0.00000000       0.00000000       0.00000000       0.00000000       0.00000000       0.00000000       0.00000000       0.00000000       0.00000000       0.00000000       0.00000000       0.00000000       0.00000000       0.00000000    
  0.757399976      0.702000022      0.628700018       0.00000000       0.00000000       0.00000000       0.00000000       0.00000000       0.00000000       0.00000000      0.302800000       0.00000000       0.00000000       0.00000000       0.00000000       0.00000000       0.00000000       0.00000000       0.00000000       0.00000000       0.00000000       0.00000000       0.00000000       0.00000000       0.00000000       0.00000000       0.00000000       0.00000000       0.00000000       0.00000000    
  0.757799983      0.700800002      0.632600009       0.00000000       0.00000000       0.00000000       0.00000000       0.00000000       0.00000000       0.00000000      0.358500004       0.00000000       0.00000000       0.00000000       0.00000000       0.00000000       0.00000000       0.00000000       0.00000000       0.00000000       0.00000000       0.00000000       0.00000000       0.00000000       0.00000000       0.00000000       0.00000000       0.00000000       0.00000000       0.00000000    
  0.757399976      0.699599981      0.633700013       0.00000000       0.00000000       0.00000000       0.00000000       0.00000000       0.00000000       0.00000000      0.393000007       0.00000000       0.00000000       0.00000000       0.00000000       0.00000000       0.00000000       0.00000000       0.00000000       0.00000000       0.00000000       0.00000000       0.00000000       0.00000000       0.00000000       0.00000000       0.00000000       0.00000000       0.00000000       0.00000000    
  0.755999982      0.696099997      0.635399997       0.00000000       0.00000000       0.00000000       0.00000000       0.00000000       0.00000000       0.00000000      0.542900026       0.00000000       0.00000000       0.00000000       0.00000000       0.00000000       0.00000000       0.00000000       0.00000000       0.00000000       0.00000000       0.00000000       0.00000000       0.00000000       0.00000000       0.00000000       0.00000000       0.00000000       0.00000000       0.00000000    
  0.756799996      0.694500029      0.639999986       0.00000000       0.00000000       0.00000000       0.00000000       0.00000000       0.00000000       0.00000000      0.626600027       0.00000000       0.00000000       0.00000000       0.00000000       0.00000000       0.00000000       0.00000000       0.00000000       0.00000000       0.00000000       0.00000000       0.00000000       0.00000000       0.00000000       0.00000000       0.00000000       0.00000000       0.00000000       0.00000000    
  0.756500006      0.693199992      0.639699996       0.00000000       0.00000000       0.00000000       0.00000000       0.00000000       0.00000000       0.00000000      0.558000028       0.00000000       0.00000000       0.00000000       0.00000000       0.00000000       0.00000000       0.00000000       0.00000000       0.00000000       0.00000000       0.00000000       0.00000000       0.00000000       0.00000000       0.00000000       0.00000000       0.00000000       0.00000000       0.00000000    
  0.756699979      0.693599999      0.638800025       0.00000000       0.00000000       0.00000000       0.00000000       0.00000000       0.00000000       0.00000000      0.562099993       0.00000000       0.00000000       0.00000000       0.00000000       0.00000000       0.00000000       0.00000000       0.00000000       0.00000000       0.00000000       0.00000000       0.00000000       0.00000000       0.00000000       0.00000000       0.00000000       0.00000000       0.00000000       0.00000000    
  0.756900012      0.692099988      0.641099989       0.00000000       0.00000000       0.00000000       0.00000000       0.00000000       0.00000000       0.00000000      0.536400020       0.00000000       0.00000000       0.00000000       0.00000000       0.00000000       0.00000000       0.00000000       0.00000000       0.00000000       0.00000000       0.00000000       0.00000000       0.00000000       0.00000000       0.00000000       0.00000000       0.00000000       0.00000000       0.00000000    
  0.757000029      0.689300001      0.640299976       0.00000000       0.00000000       0.00000000       0.00000000       0.00000000       0.00000000       0.00000000      0.628099978       0.00000000       0.00000000       0.00000000       0.00000000       0.00000000       0.00000000       0.00000000       0.00000000       0.00000000       0.00000000       0.00000000       0.00000000       0.00000000       0.00000000       0.00000000       0.00000000       0.00000000       0.00000000       0.00000000    
  0.757799983      0.690199971      0.641300023       0.00000000       0.00000000       0.00000000       0.00000000       0.00000000       0.00000000       0.00000000      0.564499974       0.00000000       0.00000000       0.00000000       0.00000000       0.00000000       0.00000000       0.00000000       0.00000000       0.00000000       0.00000000       0.00000000       0.00000000       0.00000000       0.00000000       0.00000000       0.00000000       0.00000000       0.00000000       0.00000000    
  0.757399976      0.688499987      0.643999994       0.00000000       0.00000000       0.00000000       0.00000000       0.00000000       0.00000000       0.00000000      0.564599991       0.00000000       0.00000000       0.00000000       0.00000000       0.00000000       0.00000000       0.00000000       0.00000000       0.00000000       0.00000000       0.00000000       0.00000000       0.00000000       0.00000000       0.00000000       0.00000000       0.00000000       0.00000000       0.00000000    
  0.756500006      0.688499987      0.642700016       0.00000000       0.00000000       0.00000000       0.00000000       0.00000000       0.00000000       0.00000000      0.565900028       0.00000000       0.00000000       0.00000000       0.00000000       0.00000000       0.00000000       0.00000000       0.00000000       0.00000000       0.00000000       0.00000000       0.00000000       0.00000000       0.00000000       0.00000000       0.00000000       0.00000000       0.00000000       0.00000000    
  0.757099986      0.687399983      0.644500017       0.00000000       0.00000000       0.00000000       0.00000000       0.00000000       0.00000000       0.00000000      0.565500021       0.00000000       0.00000000       0.00000000       0.00000000       0.00000000       0.00000000       0.00000000       0.00000000       0.00000000       0.00000000       0.00000000       0.00000000       0.00000000       0.00000000       0.00000000       0.00000000       0.00000000       0.00000000       0.00000000    
  0.756500006      0.686699986      0.645099998       0.00000000       0.00000000       0.00000000       0.00000000       0.00000000       0.00000000       0.00000000      0.565800011       0.00000000       0.00000000       0.00000000       0.00000000       0.00000000       0.00000000       0.00000000       0.00000000       0.00000000       0.00000000       0.00000000       0.00000000       0.00000000       0.00000000       0.00000000       0.00000000       0.00000000       0.00000000       0.00000000    
  0.756799996      0.685899973      0.644299984       0.00000000       0.00000000       0.00000000       0.00000000       0.00000000       0.00000000       0.00000000      0.617299974      0.544200003      0.560199976      0.324699998      0.328500003      0.340299994      0.338699996      0.376800001      0.416999996      0.479799986      0.542800009      0.601199985      0.635500014      0.506699979      0.311199993      0.215599999       0.00000000       0.00000000       0.00000000       0.00000000    
  0.756500006      0.684599996      0.640600026       0.00000000       0.00000000       0.00000000       0.00000000       0.00000000       0.00000000       0.00000000      0.559800029       0.00000000       0.00000000       0.00000000       0.00000000       0.00000000       0.00000000       0.00000000       0.00000000       0.00000000       0.00000000       0.00000000       0.00000000       0.00000000       0.00000000       0.00000000       0.00000000       0.00000000       0.00000000       0.00000000    
  0.758099973      0.686100006      0.643999994       0.00000000       0.00000000       0.00000000       0.00000000       0.00000000       0.00000000       0.00000000      0.563099980       0.00000000       0.00000000       0.00000000       0.00000000       0.00000000       0.00000000       0.00000000       0.00000000       0.00000000       0.00000000       0.00000000       0.00000000       0.00000000       0.00000000       0.00000000       0.00000000       0.00000000       0.00000000       0.00000000    
  0.756399989      0.682399988      0.647199988       0.00000000       0.00000000       0.00000000       0.00000000       0.00000000       0.00000000       0.00000000      0.560199976       0.00000000       0.00000000       0.00000000       0.00000000       0.00000000       0.00000000       0.00000000       0.00000000       0.00000000       0.00000000       0.00000000       0.00000000       0.00000000       0.00000000       0.00000000       0.00000000       0.00000000       0.00000000       0.00000000    
  0.756699979      0.683399975      0.645399988       0.00000000       0.00000000       0.00000000       0.00000000       0.00000000       0.00000000       0.00000000      0.561200023       0.00000000       0.00000000       0.00000000       0.00000000       0.00000000       0.00000000       0.00000000       0.00000000       0.00000000       0.00000000       0.00000000       0.00000000       0.00000000       0.00000000       0.00000000       0.00000000       0.00000000       0.00000000       0.00000000    
   3.14800000       0.00000000       0.00000000       0.00000000       0.00000000       0.00000000       0.00000000       0.00000000       0.00000000       0.00000000       0.00000000       0.00000000       0.00000000       0.00000000       0.00000000       0.00000000       0.00000000       0.00000000       0.00000000       0.00000000       0.00000000       0.00000000       0.00000000       0.00000000       0.00000000       0.00000000       0.00000000       0.00000000       0.00000000       0.00000000    
   9.36999989       4.26600017E-02   0.00000000       0.00000000       0.00000000       0.00000000       0.00000000       0.00000000       0.00000000       0.00000000       0.00000000       0.00000000       0.00000000       0.00000000       0.00000000       0.00000000       0.00000000       0.00000000       0.00000000       0.00000000       0.00000000       0.00000000       0.00000000       0.00000000       0.00000000       0.00000000       0.00000000       0.00000000       0.00000000       0.00000000    
   18.7099991       24.3700008       107.699997       0.00000000       0.00000000       0.00000000       0.00000000       0.00000000       0.00000000       0.00000000       0.00000000       0.00000000       0.00000000       0.00000000       0.00000000       0.00000000       0.00000000       0.00000000       0.00000000       0.00000000       0.00000000       0.00000000       0.00000000       0.00000000       0.00000000       0.00000000       0.00000000       0.00000000       0.00000000       0.00000000    
   30.0000000       84.7300034       364.700012       0.00000000       0.00000000       0.00000000       0.00000000       0.00000000       0.00000000       0.00000000       0.00000000       0.00000000       0.00000000       0.00000000       0.00000000       0.00000000       0.00000000       0.00000000       0.00000000       0.00000000       0.00000000       0.00000000       0.00000000       0.00000000       0.00000000       0.00000000       0.00000000       0.00000000       0.00000000       0.00000000    
   45.7599983       127.199997       537.099976       0.00000000       0.00000000       0.00000000       0.00000000       0.00000000       0.00000000       0.00000000       0.00000000       0.00000000       0.00000000       0.00000000       0.00000000       0.00000000       0.00000000       0.00000000       0.00000000       0.00000000       0.00000000       0.00000000       0.00000000       0.00000000       0.00000000       0.00000000       0.00000000       0.00000000       0.00000000       0.00000000    
   65.2300034       153.500000       501.399994      0.669000030      0.728600025       1.19300000E-03   0.00000000       0.00000000       0.00000000       0.00000000       0.00000000       0.00000000       0.00000000       0.00000000       0.00000000       0.00000000       0.00000000       0.00000000       0.00000000       0.00000000       0.00000000       0.00000000       0.00000000       0.00000000       0.00000000       0.00000000       0.00000000       0.00000000       0.00000000       0.00000000    
   90.1500015       161.100006       679.299988       9870.00000       2.20300007       1.37699997       1.13600004E-03   0.00000000       0.00000000       0.00000000       0.00000000       0.00000000       0.00000000       0.00000000       0.00000000       0.00000000       0.00000000       0.00000000       0.00000000       0.00000000       0.00000000       0.00000000       0.00000000       0.00000000       0.00000000       0.00000000       0.00000000       0.00000000       0.00000000       0.00000000    
   119.099998       190.600006       477.200012       15200.0000       177.500000      0.289999992       6.71700016E-03   1.67299998       0.00000000       0.00000000       0.00000000       0.00000000       0.00000000       0.00000000       0.00000000       0.00000000       0.00000000       0.00000000       0.00000000       0.00000000       0.00000000       0.00000000       0.00000000       0.00000000       0.00000000       0.00000000       0.00000000       0.00000000       0.00000000       0.00000000    
   149.899994       247.600006       503.299988       0.00000000       0.00000000       0.00000000       0.00000000       0.00000000       0.00000000       0.00000000       0.00000000       0.00000000       0.00000000       0.00000000       0.00000000       0.00000000       0.00000000       0.00000000       0.00000000       0.00000000       0.00000000       0.00000000       0.00000000       0.00000000       0.00000000       0.00000000       0.00000000       0.00000000       0.00000000       0.00000000    
   183.399994       327.399994       632.900024       30170.0000       302.799988       903.099976       1687.00000       9768.00000       1.17900001E-03   318.100006       0.00000000       0.00000000       0.00000000       0.00000000       0.00000000       0.00000000       0.00000000       0.00000000       0.00000000       0.00000000       0.00000000       0.00000000       0.00000000       0.00000000       0.00000000       0.00000000       0.00000000       0.00000000       0.00000000       0.00000000    
   232.800003       406.000000       700.000000       0.00000000       0.00000000       0.00000000       0.00000000       0.00000000       0.00000000       0.00000000       307.700012       0.00000000       0.00000000       0.00000000       0.00000000       0.00000000       0.00000000       0.00000000       0.00000000       0.00000000       0.00000000       0.00000000       0.00000000       0.00000000       0.00000000       0.00000000       0.00000000       0.00000000       0.00000000       0.00000000    
   258.500000       492.100006       874.799988       0.00000000       0.00000000       0.00000000       0.00000000       0.00000000       0.00000000       0.00000000       484.899994       0.00000000       0.00000000       0.00000000       0.00000000       0.00000000       0.00000000       0.00000000       0.00000000       0.00000000       0.00000000       0.00000000       0.00000000       0.00000000       0.00000000       0.00000000       0.00000000       0.00000000       0.00000000       0.00000000    
   305.700012       587.500000       994.099976       0.00000000       0.00000000       0.00000000       0.00000000       0.00000000       0.00000000       0.00000000       684.799988       0.00000000       0.00000000       0.00000000       0.00000000       0.00000000       0.00000000       0.00000000       0.00000000       0.00000000       0.00000000       0.00000000       0.00000000       0.00000000       0.00000000       0.00000000       0.00000000       0.00000000       0.00000000       0.00000000    
   360.100006       709.799988       1164.00000       0.00000000       0.00000000       0.00000000       0.00000000       0.00000000       0.00000000       0.00000000       896.200012       0.00000000       0.00000000       0.00000000       0.00000000       0.00000000       0.00000000       0.00000000       0.00000000       0.00000000       0.00000000       0.00000000       0.00000000       0.00000000       0.00000000       0.00000000       0.00000000       0.00000000       0.00000000       0.00000000    
   432.700012       868.200012       1341.00000       0.00000000       0.00000000       0.00000000       0.00000000       0.00000000       0.00000000       0.00000000       284.799988       0.00000000       0.00000000       0.00000000       0.00000000       0.00000000       0.00000000       0.00000000       0.00000000       0.00000000       0.00000000       0.00000000       0.00000000       0.00000000       0.00000000       0.00000000       0.00000000       0.00000000       0.00000000       0.00000000    
   472.500000       1017.00000       1452.00000       0.00000000       0.00000000       0.00000000       0.00000000       0.00000000       0.00000000       0.00000000       153.199997       0.00000000       0.00000000       0.00000000       0.00000000       0.00000000       0.00000000       0.00000000       0.00000000       0.00000000       0.00000000       0.00000000       0.00000000       0.00000000       0.00000000       0.00000000       0.00000000       0.00000000       0.00000000       0.00000000    
   559.099976       1184.00000       1653.00000       0.00000000       0.00000000       0.00000000       0.00000000       0.00000000       0.00000000       0.00000000       530.299988       0.00000000       0.00000000       0.00000000       0.00000000       0.00000000       0.00000000       0.00000000       0.00000000       0.00000000       0.00000000       0.00000000       0.00000000       0.00000000       0.00000000       0.00000000       0.00000000       0.00000000       0.00000000       0.00000000    
   617.500000       1329.00000       1889.00000       0.00000000       0.00000000       0.00000000       0.00000000       0.00000000       0.00000000       0.00000000       700.200012       0.00000000       0.00000000       0.00000000       0.00000000       0.00000000       0.00000000       0.00000000       0.00000000       0.00000000       0.00000000       0.00000000       0.00000000       0.00000000       0.00000000       0.00000000       0.00000000       0.00000000       0.00000000       0.00000000    
   679.700012       1503.00000       2044.00000       0.00000000       0.00000000       0.00000000       0.00000000       0.00000000       0.00000000       0.00000000       1204.00000       0.00000000       0.00000000       0.00000000       0.00000000       0.00000000       0.00000000       0.00000000       0.00000000       0.00000000       0.00000000       0.00000000       0.00000000       0.00000000       0.00000000       0.00000000       0.00000000       0.00000000       0.00000000       0.00000000    
   759.099976       1757.00000       2334.00000       0.00000000       0.00000000       0.00000000       0.00000000       0.00000000       0.00000000       0.00000000       532.900024       0.00000000       0.00000000       0.00000000       0.00000000       0.00000000       0.00000000       0.00000000       0.00000000       0.00000000       0.00000000       0.00000000       0.00000000       0.00000000       0.00000000       0.00000000       0.00000000       0.00000000       0.00000000       0.00000000    
   818.599976       1877.00000       2543.00000       0.00000000       0.00000000       0.00000000       0.00000000       0.00000000       0.00000000       0.00000000       1391.00000       0.00000000       0.00000000       0.00000000       0.00000000       0.00000000       0.00000000       0.00000000       0.00000000       0.00000000       0.00000000       0.00000000       0.00000000       0.00000000       0.00000000       0.00000000       0.00000000       0.00000000       0.00000000       0.00000000    
   900.200012       2092.00000       2708.00000       0.00000000       0.00000000       0.00000000       0.00000000       0.00000000       0.00000000       0.00000000       1688.00000       0.00000000       0.00000000       0.00000000       0.00000000       0.00000000       0.00000000       0.00000000       0.00000000       0.00000000       0.00000000       0.00000000       0.00000000       0.00000000       0.00000000       0.00000000       0.00000000       0.00000000       0.00000000       0.00000000    
   1032.00000       2321.00000       3057.00000       0.00000000       0.00000000       0.00000000       0.00000000       0.00000000       0.00000000       0.00000000       1949.00000       0.00000000       0.00000000       0.00000000       0.00000000       0.00000000       0.00000000       0.00000000       0.00000000       0.00000000       0.00000000       0.00000000       0.00000000       0.00000000       0.00000000       0.00000000       0.00000000       0.00000000       0.00000000       0.00000000    
   1108.00000       2589.00000       3225.00000       0.00000000       0.00000000       0.00000000       0.00000000       0.00000000       0.00000000       0.00000000       2257.00000       0.00000000       0.00000000       0.00000000       0.00000000       0.00000000       0.00000000       0.00000000       0.00000000       0.00000000       0.00000000       0.00000000       0.00000000       0.00000000       0.00000000       0.00000000       0.00000000       0.00000000       0.00000000       0.00000000    
   1225.00000       2802.00000       3461.00000       0.00000000       0.00000000       0.00000000       0.00000000       0.00000000       0.00000000       0.00000000       2577.00000       0.00000000       0.00000000       0.00000000       0.00000000       0.00000000       0.00000000       0.00000000       0.00000000       0.00000000       0.00000000       0.00000000       0.00000000       0.00000000       0.00000000       0.00000000       0.00000000       0.00000000       0.00000000       0.00000000    
   1314.00000       3073.00000       3789.00000       0.00000000       0.00000000       0.00000000       0.00000000       0.00000000       0.00000000       0.00000000       1653.00000       1755.00000       1727.00000       23.3799992       22.9699993       21.9500008       14.8699999       12.1599998       10.0600004       5.88299990       2.74300003       1.21599996      0.545700014      0.499799997      0.340099990       4.18399982E-02   0.00000000       0.00000000       0.00000000       0.00000000    
   1444.00000       3373.00000       4357.00000       0.00000000       0.00000000       0.00000000       0.00000000       0.00000000       0.00000000       0.00000000       3538.00000       0.00000000       0.00000000       0.00000000       0.00000000       0.00000000       0.00000000       0.00000000       0.00000000       0.00000000       0.00000000       0.00000000       0.00000000       0.00000000       0.00000000       0.00000000       0.00000000       0.00000000       0.00000000       0.00000000    
   1467.00000       3530.00000       4506.00000       0.00000000       0.00000000       0.00000000       0.00000000       0.00000000       0.00000000       0.00000000       3780.00000       0.00000000       0.00000000       0.00000000       0.00000000       0.00000000       0.00000000       0.00000000       0.00000000       0.00000000       0.00000000       0.00000000       0.00000000       0.00000000       0.00000000       0.00000000       0.00000000       0.00000000       0.00000000       0.00000000    
   1666.00000       4031.00000       4627.00000       0.00000000       0.00000000       0.00000000       0.00000000       0.00000000       0.00000000       0.00000000       4322.00000       0.00000000       0.00000000       0.00000000       0.00000000       0.00000000       0.00000000       0.00000000       0.00000000       0.00000000       0.00000000       0.00000000       0.00000000       0.00000000       0.00000000       0.00000000       0.00000000       0.00000000       0.00000000       0.00000000    
   1779.00000       4254.00000       5053.00000       0.00000000       0.00000000       0.00000000       0.00000000       0.00000000       0.00000000       0.00000000       4726.00000       0.00000000       0.00000000       0.00000000       0.00000000       0.00000000       0.00000000       0.00000000       0.00000000       0.00000000       0.00000000       0.00000000       0.00000000       0.00000000       0.00000000       0.00000000       0.00000000       0.00000000       0.00000000       0.00000000    
   703600.000       0.00000000       0.00000000       0.00000000       0.00000000       0.00000000       0.00000000       0.00000000       0.00000000       0.00000000       0.00000000       0.00000000       0.00000000       0.00000000       0.00000000       0.00000000       0.00000000       0.00000000       0.00000000       0.00000000       0.00000000       0.00000000       0.00000000       0.00000000       0.00000000       0.00000000       0.00000000       0.00000000       0.00000000       0.00000000    
   2774000.00       4677000.00       0.00000000       0.00000000       0.00000000       0.00000000       0.00000000       0.00000000       0.00000000       0.00000000       0.00000000       0.00000000       0.00000000       0.00000000       0.00000000       0.00000000       0.00000000       0.00000000       0.00000000       0.00000000       0.00000000       0.00000000       0.00000000       0.00000000       0.00000000       0.00000000       0.00000000       0.00000000       0.00000000       0.00000000    
   6209000.00       8323000.00       11770000.0       0.00000000       0.00000000       0.00000000       0.00000000       0.00000000       0.00000000       0.00000000       0.00000000       0.00000000       0.00000000       0.00000000       0.00000000       0.00000000       0.00000000       0.00000000       0.00000000       0.00000000       0.00000000       0.00000000       0.00000000       0.00000000       0.00000000       0.00000000       0.00000000       0.00000000       0.00000000       0.00000000    
   10930000.0       14120000.0       12150000.0       0.00000000       0.00000000       0.00000000       0.00000000       0.00000000       0.00000000       0.00000000       0.00000000       0.00000000       0.00000000       0.00000000       0.00000000       0.00000000       0.00000000       0.00000000       0.00000000       0.00000000       0.00000000       0.00000000       0.00000000       0.00000000       0.00000000       0.00000000       0.00000000       0.00000000       0.00000000       0.00000000    
   17060000.0       19750000.0       14650000.0       0.00000000       0.00000000       0.00000000       0.00000000       0.00000000       0.00000000       0.00000000       0.00000000       0.00000000       0.00000000       0.00000000       0.00000000       0.00000000       0.00000000       0.00000000       0.00000000       0.00000000       0.00000000       0.00000000       0.00000000       0.00000000       0.00000000       0.00000000       0.00000000       0.00000000       0.00000000       0.00000000    
   24460000.0       25560000.0       14790000.0       2425000.00       11400000.0       9.33399993E+12   0.00000000       0.00000000       0.00000000       0.00000000       0.00000000       0.00000000       0.00000000       0.00000000       0.00000000       0.00000000       0.00000000       0.00000000       0.00000000       0.00000000       0.00000000       0.00000000       0.00000000       0.00000000       0.00000000       0.00000000       0.00000000       0.00000000       0.00000000       0.00000000    
   33380000.0       32710000.0       16500000.0       25840000.0       3029000.00       1.51699994E+09   1.01499997E+13   0.00000000       0.00000000       0.00000000       0.00000000       0.00000000       0.00000000       0.00000000       0.00000000       0.00000000       0.00000000       0.00000000       0.00000000       0.00000000       0.00000000       0.00000000       0.00000000       0.00000000       0.00000000       0.00000000       0.00000000       0.00000000       0.00000000       0.00000000    
   43520000.0       40930000.0       17110000.0       38430000.0       153500000.       85210000.0       3.28599994E+12   6.36600010E+16   0.00000000       0.00000000       0.00000000       0.00000000       0.00000000       0.00000000       0.00000000       0.00000000       0.00000000       0.00000000       0.00000000       0.00000000       0.00000000       0.00000000       0.00000000       0.00000000       0.00000000       0.00000000       0.00000000       0.00000000       0.00000000       0.00000000    
   54980000.0       50770000.0       20640000.0       0.00000000       0.00000000       0.00000000       0.00000000       0.00000000       0.00000000       0.00000000       0.00000000       0.00000000       0.00000000       0.00000000       0.00000000       0.00000000       0.00000000       0.00000000       0.00000000       0.00000000       0.00000000       0.00000000       0.00000000       0.00000000       0.00000000       0.00000000       0.00000000       0.00000000       0.00000000       0.00000000    
   67760000.0       62430000.0       26160000.0       78720000.0       8903000.00       23870000.0       1.49099996E+17   4.85099995E+17   10600000.0       1.45000006E+18   0.00000000       0.00000000       0.00000000       0.00000000       0.00000000       0.00000000       0.00000000       0.00000000       0.00000000       0.00000000       0.00000000       0.00000000       0.00000000       0.00000000       0.00000000       0.00000000       0.00000000       0.00000000       0.00000000       0.00000000    
   82620000.0       74910000.0       29890000.0       0.00000000       0.00000000       0.00000000       0.00000000       0.00000000       0.00000000       0.00000000       2617000.00       0.00000000       0.00000000       0.00000000       0.00000000       0.00000000       0.00000000       0.00000000       0.00000000       0.00000000       0.00000000       0.00000000       0.00000000       0.00000000       0.00000000       0.00000000       0.00000000       0.00000000       0.00000000       0.00000000    
   97690000.0       86430000.0       35860000.0       0.00000000       0.00000000       0.00000000       0.00000000       0.00000000       0.00000000       0.00000000       5890000.00       0.00000000       0.00000000       0.00000000       0.00000000       0.00000000       0.00000000       0.00000000       0.00000000       0.00000000       0.00000000       0.00000000       0.00000000       0.00000000       0.00000000       0.00000000       0.00000000       0.00000000       0.00000000       0.00000000    
   114300000.       100700000.       40850000.0       0.00000000       0.00000000       0.00000000       0.00000000       0.00000000       0.00000000       0.00000000       9035000.00       0.00000000       0.00000000       0.00000000       0.00000000       0.00000000       0.00000000       0.00000000       0.00000000       0.00000000       0.00000000       0.00000000       0.00000000       0.00000000       0.00000000       0.00000000       0.00000000       0.00000000       0.00000000       0.00000000    
   132900000.       115500000.       46770000.0       0.00000000       0.00000000       0.00000000       0.00000000       0.00000000       0.00000000       0.00000000       12130000.0       0.00000000       0.00000000       0.00000000       0.00000000       0.00000000       0.00000000       0.00000000       0.00000000       0.00000000       0.00000000       0.00000000       0.00000000       0.00000000       0.00000000       0.00000000       0.00000000       0.00000000       0.00000000       0.00000000    
   153400000.       133500000.       52920000.0       0.00000000       0.00000000       0.00000000       0.00000000       0.00000000       0.00000000       0.00000000       39750000.0       0.00000000       0.00000000       0.00000000       0.00000000       0.00000000       0.00000000       0.00000000       0.00000000       0.00000000       0.00000000       0.00000000       0.00000000       0.00000000       0.00000000       0.00000000       0.00000000       0.00000000       0.00000000       0.00000000    
   174600000.       151700000.       57960000.0       0.00000000       0.00000000       0.00000000       0.00000000       0.00000000       0.00000000       0.00000000       17550000.0       0.00000000       0.00000000       0.00000000       0.00000000       0.00000000       0.00000000       0.00000000       0.00000000       0.00000000       0.00000000       0.00000000       0.00000000       0.00000000       0.00000000       0.00000000       0.00000000       0.00000000       0.00000000       0.00000000    
   197200000.       169500000.       65550000.0       0.00000000       0.00000000       0.00000000       0.00000000       0.00000000       0.00000000       0.00000000       45580000.0       0.00000000       0.00000000       0.00000000       0.00000000       0.00000000       0.00000000       0.00000000       0.00000000       0.00000000       0.00000000       0.00000000       0.00000000       0.00000000       0.00000000       0.00000000       0.00000000       0.00000000       0.00000000       0.00000000    
   221200000.       188000000.       73060000.0       0.00000000       0.00000000       0.00000000       0.00000000       0.00000000       0.00000000       0.00000000       48850000.0       0.00000000       0.00000000       0.00000000       0.00000000       0.00000000       0.00000000       0.00000000       0.00000000       0.00000000       0.00000000       0.00000000       0.00000000       0.00000000       0.00000000       0.00000000       0.00000000       0.00000000       0.00000000       0.00000000    
   246300000.       209800000.       80570000.0       0.00000000       0.00000000       0.00000000       0.00000000       0.00000000       0.00000000       0.00000000       70130000.0       0.00000000       0.00000000       0.00000000       0.00000000       0.00000000       0.00000000       0.00000000       0.00000000       0.00000000       0.00000000       0.00000000       0.00000000       0.00000000       0.00000000       0.00000000       0.00000000       0.00000000       0.00000000       0.00000000    
   273900000.       234400000.       88500000.0       0.00000000       0.00000000       0.00000000       0.00000000       0.00000000       0.00000000       0.00000000       31880000.0       0.00000000       0.00000000       0.00000000       0.00000000       0.00000000       0.00000000       0.00000000       0.00000000       0.00000000       0.00000000       0.00000000       0.00000000       0.00000000       0.00000000       0.00000000       0.00000000       0.00000000       0.00000000       0.00000000    
   300000000.       255500000.       96900000.0       0.00000000       0.00000000       0.00000000       0.00000000       0.00000000       0.00000000       0.00000000       62950000.0       0.00000000       0.00000000       0.00000000       0.00000000       0.00000000       0.00000000       0.00000000       0.00000000       0.00000000       0.00000000       0.00000000       0.00000000       0.00000000       0.00000000       0.00000000       0.00000000       0.00000000       0.00000000       0.00000000    
   330700000.       282900000.       104400000.       0.00000000       0.00000000       0.00000000       0.00000000       0.00000000       0.00000000       0.00000000       68720000.0       0.00000000       0.00000000       0.00000000       0.00000000       0.00000000       0.00000000       0.00000000       0.00000000       0.00000000       0.00000000       0.00000000       0.00000000       0.00000000       0.00000000       0.00000000       0.00000000       0.00000000       0.00000000       0.00000000    
   363500000.       305600000.       114000000.       0.00000000       0.00000000       0.00000000       0.00000000       0.00000000       0.00000000       0.00000000       74190000.0       0.00000000       0.00000000       0.00000000       0.00000000       0.00000000       0.00000000       0.00000000       0.00000000       0.00000000       0.00000000       0.00000000       0.00000000       0.00000000       0.00000000       0.00000000       0.00000000       0.00000000       0.00000000       0.00000000    
   395400000.       333600000.       122900000.       0.00000000       0.00000000       0.00000000       0.00000000       0.00000000       0.00000000       0.00000000       80720000.0       0.00000000       0.00000000       0.00000000       0.00000000       0.00000000       0.00000000       0.00000000       0.00000000       0.00000000       0.00000000       0.00000000       0.00000000       0.00000000       0.00000000       0.00000000       0.00000000       0.00000000       0.00000000       0.00000000    
   430700000.       362300000.       133400000.       0.00000000       0.00000000       0.00000000       0.00000000       0.00000000       0.00000000       0.00000000       87100000.0       0.00000000       0.00000000       0.00000000       0.00000000       0.00000000       0.00000000       0.00000000       0.00000000       0.00000000       0.00000000       0.00000000       0.00000000       0.00000000       0.00000000       0.00000000       0.00000000       0.00000000       0.00000000       0.00000000    
   465900000.       392600000.       143700000.       0.00000000       0.00000000       0.00000000       0.00000000       0.00000000       0.00000000       0.00000000       61610000.0       67990000.0       56180000.0       8.33700024E+12   6.67199996E+12   6.38299983E+12   5.22800018E+12   5.43099978E+12   4.89800021E+12   2.58199991E+12   1.01399999E+12   1.18199996E+12   8.54499983E+11   8.07900021E+11   1.95999996E+12   5.35300019E+13   0.00000000       0.00000000       0.00000000       0.00000000    
   504200000.       426700000.       157200000.       0.00000000       0.00000000       0.00000000       0.00000000       0.00000000       0.00000000       0.00000000       105200000.       0.00000000       0.00000000       0.00000000       0.00000000       0.00000000       0.00000000       0.00000000       0.00000000       0.00000000       0.00000000       0.00000000       0.00000000       0.00000000       0.00000000       0.00000000       0.00000000       0.00000000       0.00000000       0.00000000    
   540899968.       453800000.       165100000.       0.00000000       0.00000000       0.00000000       0.00000000       0.00000000       0.00000000       0.00000000       111600000.       0.00000000       0.00000000       0.00000000       0.00000000       0.00000000       0.00000000       0.00000000       0.00000000       0.00000000       0.00000000       0.00000000       0.00000000       0.00000000       0.00000000       0.00000000       0.00000000       0.00000000       0.00000000       0.00000000    
   585500032.       494800000.       174000000.       0.00000000       0.00000000       0.00000000       0.00000000       0.00000000       0.00000000       0.00000000       121000000.       0.00000000       0.00000000       0.00000000       0.00000000       0.00000000       0.00000000       0.00000000       0.00000000       0.00000000       0.00000000       0.00000000       0.00000000       0.00000000       0.00000000       0.00000000       0.00000000       0.00000000       0.00000000       0.00000000    
   624600000.       525800000.       189100000.       0.00000000       0.00000000       0.00000000       0.00000000       0.00000000       0.00000000       0.00000000       128700000.       0.00000000       0.00000000       0.00000000       0.00000000       0.00000000       0.00000000       0.00000000       0.00000000       0.00000000       0.00000000       0.00000000       0.00000000       0.00000000       0.00000000       0.00000000       0.00000000       0.00000000       0.00000000       0.00000000    
 # fe:
   0.00000000       0.00000000       0.00000000       4.32999997E-10   3.91000010E-10   3.48999996E-10   3.16000004E-10   2.96000002E-10   2.58999988E-10   2.23999999E-10   1.90999994E-10   1.68000003E-10   1.46000004E-10
   0.00000000       0.00000000       0.00000000      0.531000018      0.523000002      0.521000028      0.533999979      0.556999981      0.566999972      0.578999996      0.601000011      0.601999998      0.597000003    
   0.00000000       0.00000000       0.00000000       5.77000007E-02   6.15000017E-02   6.21999986E-02   6.01999983E-02   5.79000004E-02   5.64999990E-02   5.49000017E-02   5.09999990E-02   5.07000014E-02   5.22000007E-02
